Cross-Section Properties
SELECT SECTION


Metric

Imperial
alt-logo
I_S
U_S
T_S
L_S
2L_S
L60_S
RHS_S
CHS_S
EHS_S
Z_S
RAIL_S
SHEET_S
BAR_S
VIRTUAL_S
FILTER
 h [mm]
Add filter item
Steel
Timber
CFZ
Cold-Formed Z-Sections, Uncoated
CFZ
CISC 9
--
γ
γ
b
t
b
b
h
r
i
t
b
c
t
c
b
y
z
 	Select All	Geometry	Sectional Area	Bending	Shear	Torsion	Warping	Stability	Plasticity	Other
Section	h
[mm]
b
[mm]
bf
[mm]
t
[mm]
ri
[mm]
c
[mm]
γ
[deg]
A
[cm2]
Iy
[cm4]
Iz
[cm4]
Iyz
[cm4]
Iu
[cm4]
Iv
[cm4]
Ip
[cm4]
α
[deg]
iy
[mm]
iz
[mm]
iyz
[mm]
iu
[mm]
iv
[mm]
ip
[mm]
max Sy
[cm3]
max Sz
[cm3]
max Su
[cm3]
max Sv
[cm3]
Wy
[cm3]
Wz
[cm3]
Wu
[cm3]
Wv
[cm3]
Wy,cat
[cm3]
Wz,cat
[cm3]
Ay
[cm2]
Az
[cm2]
Au
[cm2]
Av
[cm2]
It
[cm4]
It,s
[cm4]
Wt
[cm3]
max ω
[cm2]
Iω
[cm6]
iω
[mm]
Wω
[cm4]
max Sω
[cm4]
rω,SC
Wpl,y
[cm3]
Wpl,z
[cm3]
Wpl,u
[cm3]
Wpl,v
[cm3]
αpl,y
αpl,z
αpl,u
αpl,v
Apl,y
[cm2]
Apl,z
[cm2]
Apl,u
[cm2]
Apl,v
[cm2]
Npl
[kN]
Vpl,y
[kN]
Vpl,z
[kN]
Vpl,u
[kN]
Vpl,v
[kN]
Mpl,y
[kNm]
Mpl,z
[kNm]
Mpl,u
[kNm]
Mpl,v
[kNm]
Nu
[kN]
G
[kg/m]
Am
[m2/m]
V
[cm3/m]
Am/V
[1/m]
	
CFZ 152.76-144M
i
152.0	184.6	76.0	1.5	3.0	24.1	45.00	5.26	198.90	91.56	105.00	267.00	29.90	290.46	-31.20	61.5	41.7	44.7	71.2	23.8	74.3	14.89	7.17	16.44	1.82	10.60	5.91	25.50	6.19	26.70	10.10	0.97	1.72	2.39	2.28	0.04	136.30	0.27	59.87	3480.00	34.2	58.13	28.70	1.342	29.78	14.42	32.88	10.59	2.809	2.441	1.289	1.713	2.75	2.76	3.71	3.25	121.397	37.350	37.476	50.272	44.100	7.00	3.39	7.73	2.49	121.397	4.1	0.692	526.00	1315.242
	
CFZ 152.76-181M
i
152.0	184.2	76.0	1.9	3.8	24.1	45.00	6.54	248.67	114.59	130.00	330.00	36.70	363.27	-31.20	61.7	41.9	44.6	71.0	23.7	74.5	18.67	9.01	20.63	2.30	13.76	7.61	31.74	7.62	33.00	12.50	1.23	2.17	2.94	2.81	0.08	168.75	0.42	59.42	4290.00	34.2	72.20	35.88	1.354	37.35	18.15	41.27	13.25	2.714	2.384	1.300	1.738	3.47	3.49	4.65	4.10	152.839	47.134	47.336	63.045	55.610	8.78	4.26	9.70	3.11	152.839	5.1	0.688	654.00	1052.694
	
CFZ 152.76-218M
i
152.0	183.8	76.0	2.3	4.6	24.1	45.00	7.80	297.09	137.06	155.00	392.00	43.30	434.16	-31.30	61.7	41.9	44.6	70.9	23.6	74.6	22.38	10.82	24.74	2.76	16.68	9.19	37.84	9.04	39.10	14.90	1.49	2.62	3.48	3.36	0.14	200.99	0.61	58.96	5070.00	34.1	85.99	42.88	1.363	44.77	21.82	49.49	15.85	2.683	2.374	1.308	1.753	4.19	4.21	5.57	4.94	183.889	56.843	57.141	75.580	67.019	10.52	5.13	11.63	3.72	183.889	6.1	0.685	780.00	878.341
	
CFZ 152.76-254M
i
152.0	183.4	76.0	2.7	5.4	24.1	45.00	9.05	344.17	158.97	179.00	452.00	49.60	503.15	-31.30	61.7	41.9	44.5	70.7	23.4	74.6	26.02	12.60	28.77	3.21	19.68	10.79	43.82	10.40	45.00	17.20	1.75	3.08	4.01	3.90	0.22	233.01	0.81	58.50	5820.00	34.1	99.48	49.67	1.369	52.03	25.45	57.55	18.38	2.645	2.357	1.313	1.766	4.90	4.93	6.48	5.77	214.548	66.479	66.889	87.853	78.322	12.23	5.98	13.52	4.32	214.548	7.1	0.682	905.00	753.316
	
CFZ 152.76-290M
i
152.0	183.0	76.0	3.1	6.2	24.1	45.00	10.30	389.92	180.33	202.00	510.00	55.70	570.25	-31.40	61.5	41.8	44.3	70.4	23.3	74.4	29.57	14.35	32.72	3.66	22.74	12.42	49.67	11.74	50.80	19.50	2.00	3.53	4.55	4.43	0.32	265.61	1.03	58.04	6550.00	34.0	112.85	56.26	1.371	59.15	29.03	65.45	20.84	2.601	2.337	1.318	1.775	5.60	5.64	7.36	6.60	244.815	76.040	76.581	99.867	89.521	13.90	6.82	15.38	4.90	244.815	8.1	0.678	1030.00	658.636
	
CFZ 152.76-326M
i
152.0	182.7	76.0	3.4	6.8	24.1	45.00	11.50	423.36	195.99	225.00	567.00	61.60	619.35	-31.40	60.7	41.3	44.2	70.2	23.1	73.4	32.19	15.64	35.61	3.89	23.06	12.73	54.69	13.05	56.40	21.70	2.19	3.86	5.17	5.09	0.45	304.20	1.32	57.69	7250.00	34.0	125.67	61.07	1.340	64.38	31.68	71.23	22.66	2.791	2.487	1.302	1.737	6.13	6.18	8.02	7.21	267.258	83.163	83.813	108.844	97.877	15.13	7.44	16.74	5.33	267.258	9.0	0.676	1150.00	587.721
	
CFZ 203.76-144M
i
203.0	184.6	76.0	1.5	3.0	24.1	45.00	6.03	386.00	91.56	142.00	450.00	36.80	477.56	-21.80	80.0	39.0	48.5	86.4	24.7	89.0	21.96	7.17	23.05	2.33	16.66	6.42	36.40	6.76	38.70	10.10	0.81	2.49	2.35	2.91	0.05	206.74	0.33	79.90	6570.00	36.7	82.22	41.96	1.360	43.92	14.45	46.10	12.48	2.636	2.249	1.267	1.847	2.75	3.53	3.81	3.90	139.374	37.350	47.855	51.627	52.980	10.32	3.40	10.83	2.93	139.374	4.7	0.794	603.00	1316.446
	
CFZ 203.76-181M
i
203.0	184.2	76.0	1.9	3.8	24.1	45.00	7.51	483.54	114.60	176.00	557.00	45.30	598.14	-21.80	80.2	39.1	48.4	86.1	24.6	89.2	27.58	9.01	28.96	2.96	21.55	8.24	45.53	8.34	47.90	12.50	1.02	3.15	2.87	3.59	0.09	255.01	0.47	79.38	8100.00	36.7	102.04	52.58	1.376	55.17	18.19	57.91	15.62	2.560	2.208	1.272	1.872	3.47	4.46	4.77	4.93	175.610	47.134	60.484	64.772	66.842	12.96	4.27	13.61	3.67	175.610	5.9	0.790	751.00	1052.545
	
CFZ 203.76-218M
i
203.0	183.8	76.0	2.3	4.6	24.1	45.00	8.96	578.83	137.07	210.00	662.00	53.50	715.90	-21.80	80.4	39.1	48.4	86.0	24.4	89.4	33.11	10.82	34.76	3.55	26.12	9.94	54.37	9.89	56.90	14.90	1.24	3.81	3.40	4.29	0.16	303.09	0.70	78.86	9580.00	36.6	121.49	62.85	1.388	66.22	21.89	69.52	18.70	2.535	2.202	1.279	1.891	4.19	5.38	5.73	5.94	211.455	56.843	73.056	77.739	80.604	15.56	5.14	16.34	4.40	211.455	7.0	0.787	896.00	878.467
	
CFZ 203.76-254M
i
203.0	183.4	76.0	2.7	5.4	24.1	45.00	10.40	671.89	158.98	242.00	764.00	61.50	830.87	-21.80	80.4	39.1	48.2	85.7	24.3	89.4	38.53	12.60	40.46	4.16	31.01	11.72	63.27	11.41	65.70	17.20	1.45	4.47	3.92	4.97	0.25	350.23	0.93	78.32	11000.00	36.5	140.44	72.95	1.398	77.07	25.54	80.93	21.70	2.485	2.179	1.279	1.902	4.90	6.31	6.66	6.95	246.907	66.479	85.571	90.424	94.250	18.11	6.00	19.02	5.10	246.907	8.2	0.784	1040.00	753.606
	
CFZ 203.76-290M
i
203.0	183.0	76.0	3.1	6.2	24.1	45.00	11.80	762.73	180.35	274.00	864.00	69.20	943.08	-21.80	80.4	39.1	48.2	85.6	24.2	89.4	43.86	14.35	46.06	4.74	35.59	13.40	71.88	12.89	74.20	19.50	1.66	5.13	4.43	5.66	0.37	398.98	1.19	77.79	12400.00	36.5	159.41	82.79	1.402	87.73	29.15	92.13	24.64	2.465	2.176	1.282	1.912	5.60	7.23	7.59	7.95	281.969	76.040	98.031	102.931	107.797	20.62	6.85	21.65	5.79	281.969	9.3	0.780	1180.00	661.352
	
CFZ 203.76-326M
i
203.0	182.7	76.0	3.4	6.8	24.1	45.00	13.20	829.41	196.01	305.00	961.00	76.60	1025.42	-21.80	79.3	38.5	48.1	85.3	24.1	88.1	47.80	15.64	50.18	5.03	36.60	13.91	78.60	14.32	82.60	21.70	1.81	5.62	5.09	6.48	0.52	460.54	1.53	77.38	13800.00	36.5	178.33	89.99	1.366	95.59	31.82	100.35	26.87	2.612	2.288	1.277	1.876	6.13	7.91	8.29	8.69	308.007	83.163	107.339	112.542	117.943	22.46	7.48	23.58	6.32	308.007	10.4	0.778	1320.00	589.302
	
CFZ 229.76-181M
i
229.0	184.2	76.0	1.9	3.8	24.1	45.00	7.99	639.89	114.60	199.00	707.00	48.50	754.48	-18.60	89.5	37.9	49.9	94.1	24.6	97.2	32.60	9.01	33.77	3.22	26.29	8.53	53.36	8.60	56.00	12.50	0.94	3.65	2.77	3.99	0.10	298.26	0.53	89.87	10500.00	37.3	116.83	61.59	1.438	65.20	18.21	67.55	16.58	2.481	2.135	1.266	1.928	3.47	4.95	4.77	5.37	187.219	47.134	67.186	64.773	72.801	15.32	4.28	15.87	3.90	187.219	6.3	0.842	799.00	1054.395
	
CFZ 229.76-218M
i
229.0	183.8	76.0	2.3	4.6	24.1	45.00	9.54	766.54	137.07	237.00	840.00	57.40	903.61	-18.60	89.6	37.9	49.8	93.8	24.5	97.3	39.15	10.82	40.56	3.88	32.02	10.33	63.85	10.22	66.50	14.90	1.14	4.42	3.28	4.75	0.17	352.94	0.74	89.31	12400.00	37.2	138.84	73.76	1.453	78.30	21.92	81.12	19.85	2.446	2.122	1.271	1.944	4.19	5.98	5.73	6.47	225.508	56.843	81.169	77.742	87.818	18.40	5.15	19.06	4.67	225.508	7.5	0.839	954.00	879.566
	
CFZ 229.76-254M
i
229.0	183.4	76.0	2.7	5.4	24.1	45.00	11.10	890.42	158.99	274.00	971.00	65.90	1049.41	-18.60	89.6	37.8	49.7	93.5	24.4	97.2	45.59	12.60	47.24	4.53	37.71	12.10	74.26	11.77	76.80	17.20	1.33	5.19	3.77	5.52	0.26	410.82	0.96	88.74	14300.00	37.1	161.14	85.63	1.459	91.18	25.59	94.47	23.05	2.418	2.114	1.272	1.959	4.90	7.01	6.67	7.57	263.404	66.479	95.096	90.500	102.731	21.43	6.01	22.20	5.42	263.404	8.7	0.836	1110.00	752.929
	
CFZ 229.76-290M
i
229.0	183.0	76.0	3.1	6.2	24.1	45.00	12.60	1011.55	180.35	310.00	1100.00	74.20	1191.90	-18.60	89.6	37.8	49.6	93.4	24.3	97.3	51.92	14.35	53.80	5.17	43.38	13.85	84.61	13.30	86.90	19.50	1.52	5.95	4.26	6.30	0.39	466.19	1.26	88.17	16100.00	37.0	182.60	97.19	1.467	103.85	29.21	107.60	26.18	2.394	2.109	1.272	1.969	5.60	8.03	7.59	8.66	300.910	76.040	108.967	103.045	117.540	24.40	6.86	25.29	6.15	300.910	9.9	0.832	1260.00	660.631
	
CFZ 229.76-326M
i
229.0	182.7	76.0	3.4	6.8	24.1	45.00	14.10	1100.60	196.02	346.00	1220.00	82.30	1296.62	-18.60	88.3	37.3	49.5	93.0	24.2	95.9	56.60	15.64	58.63	5.47	44.54	14.37	91.81	14.80	96.80	21.70	1.67	6.52	4.93	7.17	0.55	536.48	1.62	87.74	17900.00	37.1	204.02	105.66	1.432	113.21	31.90	117.26	28.60	2.542	2.219	1.277	1.932	6.13	8.80	8.32	9.48	328.781	83.163	119.333	112.834	128.648	26.60	7.50	27.56	6.72	328.781	11.1	0.830	1410.00	588.566
	
CFZ 254.76-181M
i
254.0	184.2	76.0	1.9	3.8	24.1	45.00	8.47	815.59	114.60	222.00	883.00	51.30	930.19	-16.20	98.1	36.8	51.2	102.1	24.6	104.8	37.73	9.01	38.75	3.42	30.96	8.71	61.62	8.85	64.50	12.50	0.87	4.14	2.69	4.46	0.10	349.76	0.53	100.11	13300.00	37.7	132.85	70.54	1.492	75.46	18.24	77.49	17.42	2.437	2.093	1.257	1.969	3.47	5.43	4.76	5.80	198.382	47.134	73.631	64.608	78.659	17.73	4.29	18.21	4.09	198.382	6.6	0.892	847.00	1053.674
	
CFZ 254.76-218M
i
254.0	183.8	76.0	2.3	4.6	24.1	45.00	10.10	977.59	137.07	264.00	1050.00	60.70	1114.66	-16.20	98.4	36.8	51.1	102.0	24.5	105.1	45.33	10.82	46.55	4.13	37.83	10.58	73.95	10.50	76.70	14.90	1.06	5.00	3.18	5.31	0.18	413.16	0.78	99.52	15700.00	37.6	157.76	84.51	1.511	90.66	21.96	93.10	20.86	2.396	2.076	1.259	1.986	4.19	6.56	5.72	7.00	239.020	56.843	88.970	77.541	94.913	21.30	5.16	21.88	4.90	239.020	7.9	0.889	1010.00	880.303
	
CFZ 254.76-254M
i
254.0	183.4	76.0	2.7	5.4	24.1	45.00	11.80	1136.25	158.99	306.00	1210.00	69.80	1295.24	-16.20	98.1	36.7	50.9	101.3	24.3	104.8	52.81	12.60	54.23	4.81	44.33	12.34	85.56	12.11	88.60	17.20	1.24	5.87	3.66	6.12	0.28	480.11	1.04	98.91	18100.00	37.6	182.99	98.13	1.518	105.62	25.63	108.47	24.23	2.383	2.078	1.268	2.001	4.90	7.68	6.66	8.19	279.267	66.479	104.254	90.333	111.074	24.82	6.02	25.49	5.69	279.267	9.3	0.886	1180.00	750.636
	
CFZ 254.76-290M
i
254.0	183.0	76.0	3.1	6.2	24.1	45.00	13.40	1291.58	180.36	346.00	1370.00	78.60	1471.94	-16.20	98.2	36.7	50.8	101.1	24.2	104.8	60.17	14.35	61.80	5.49	51.06	14.13	97.52	13.68	100.00	19.50	1.41	6.74	4.13	6.97	0.41	545.38	1.32	98.30	20400.00	37.5	207.52	111.39	1.526	120.34	29.27	123.59	27.52	2.357	2.071	1.267	2.012	5.60	8.81	7.58	9.37	319.122	76.040	119.482	102.873	127.126	28.28	6.88	29.04	6.47	319.122	10.5	0.882	1340.00	658.504
	
CFZ 254.76-326M
i
254.0	182.7	76.0	3.4	6.8	24.1	45.00	15.00	1405.92	196.03	386.00	1530.00	87.10	1601.95	-16.20	96.8	36.2	50.7	101.0	24.1	103.3	65.61	15.64	67.37	5.82	52.69	14.73	106.44	15.21	112.00	21.70	1.55	7.38	4.78	8.04	0.59	628.14	1.74	97.84	22700.00	37.5	232.00	121.12	1.489	131.23	31.97	134.73	30.09	2.491	2.171	1.266	1.978	6.13	9.65	8.31	10.26	348.756	83.163	130.865	112.730	139.179	30.84	7.51	31.66	7.07	348.756	11.8	0.880	1500.00	586.586
	
CFZ 305.76-181M
i
305.0	184.2	76.0	1.9	3.8	24.1	45.00	9.44	1257.43	114.60	268.00	1320.00	55.90	1372.03	-12.60	115.4	34.8	53.3	118.2	24.3	120.6	49.11	9.01	49.89	3.78	41.99	9.09	79.65	9.23	82.70	12.50	0.76	5.12	2.51	5.36	0.11	448.95	0.58	121.38	19900.00	38.0	163.95	89.47	1.659	98.22	18.28	99.79	18.91	2.339	2.011	1.253	2.049	3.47	6.40	4.71	6.70	221.153	47.134	86.778	63.932	90.867	23.08	4.30	23.45	4.44	221.153	7.4	0.994	944.00	1053.455
	
CFZ 305.76-218M
i
305.0	183.8	76.0	2.3	4.6	24.1	45.00	11.30	1508.62	137.08	319.00	1570.00	66.10	1645.70	-12.60	115.5	34.8	53.1	117.9	24.2	120.7	59.04	10.82	59.99	4.56	51.19	11.01	95.57	10.94	98.40	14.90	0.92	6.19	2.95	6.38	0.20	529.87	0.87	120.71	23500.00	37.9	194.68	107.10	1.681	118.09	22.02	119.97	22.65	2.307	2.001	1.255	2.070	4.19	7.73	5.66	8.09	266.586	56.843	104.885	76.773	109.709	27.75	5.18	28.19	5.32	266.586	8.9	0.991	1130.00	877.085
	
CFZ 305.76-254M
i
305.0	183.4	76.0	2.7	5.4	24.1	45.00	13.10	1755.15	159.00	369.00	1820.00	76.10	1914.15	-12.50	115.8	34.8	53.1	117.9	24.1	120.9	68.84	12.60	69.94	5.33	60.24	12.88	111.52	12.63	114.00	17.20	1.08	7.26	3.40	7.43	0.31	615.06	1.15	120.03	27100.00	37.8	225.77	124.53	1.691	137.68	25.73	139.87	26.31	2.285	1.997	1.254	2.083	4.90	9.06	6.59	9.47	311.626	66.479	122.937	89.444	128.457	32.35	6.05	32.87	6.18	311.626	10.3	0.988	1310.00	754.008
	
CFZ 305.76-290M
i
305.0	183.0	76.0	3.1	6.2	24.1	45.00	14.90	1997.04	180.37	418.00	2060.00	85.80	2177.41	-12.50	115.8	34.8	53.0	117.6	24.0	120.9	78.49	14.35	79.74	6.08	69.15	14.71	126.88	14.28	129.00	19.50	1.23	8.33	3.85	8.43	0.46	700.04	1.48	119.35	30600.00	37.8	256.39	141.56	1.699	156.98	29.39	159.49	29.91	2.270	1.998	1.257	2.094	5.60	10.39	7.51	10.84	356.276	76.040	140.932	101.945	147.112	36.89	6.91	37.48	7.03	356.276	11.7	0.984	1490.00	660.668
	
CFZ 305.76-326M
i
305.0	182.7	76.0	3.4	6.8	24.1	45.00	16.70	2175.43	196.04	466.00	2300.00	95.20	2371.47	-12.50	114.1	34.3	52.8	117.4	23.9	119.2	85.64	15.64	86.99	6.47	71.95	15.44	138.26	15.89	144.00	21.70	1.35	9.13	4.45	9.71	0.66	802.85	1.94	118.83	34000.00	37.7	286.11	154.06	1.662	171.28	32.12	173.98	32.74	2.381	2.080	1.258	2.061	6.13	11.38	8.24	11.87	389.505	83.163	154.392	111.806	161.114	40.25	7.55	40.88	7.69	389.505	13.1	0.982	1670.00	587.951
	
CFZ 356.76-218M
i
356.0	183.8	76.0	2.3	4.6	24.1	45.00	12.40	2187.18	137.08	374.00	2240.00	70.60	2324.27	-10.10	132.8	33.2	54.9	134.4	23.9	136.9	74.26	10.82	75.01	4.91	66.51	11.36	119.48	11.31	122.00	14.90	0.82	7.36	2.76	7.48	0.22	650.94	0.96	142.28	33000.00	37.8	231.94	130.77	1.880	148.51	22.09	150.01	24.20	2.233	1.944	1.255	2.140	4.19	8.90	5.59	9.20	294.151	56.843	120.800	75.858	124.811	34.90	5.19	35.25	5.69	294.151	9.7	1.093	1240.00	881.537
	
CFZ 356.76-254M
i
356.0	183.4	76.0	2.7	5.4	24.1	45.00	14.50	2546.51	159.01	433.00	2590.00	81.30	2705.52	-10.10	132.5	33.1	54.6	133.6	23.7	136.6	86.62	12.60	87.50	5.73	78.14	13.27	138.96	13.06	141.00	17.20	0.96	8.64	3.19	8.65	0.34	756.45	1.26	141.53	38100.00	37.8	269.20	152.04	1.891	173.25	25.82	174.99	28.13	2.217	1.945	1.259	2.154	4.90	10.44	6.52	10.78	343.986	66.479	141.620	88.425	146.205	40.71	6.07	41.12	6.61	343.986	11.4	1.090	1450.00	751.552
	
CFZ 356.76-290M
i
356.0	183.0	76.0	3.1	6.2	24.1	45.00	16.50	2899.67	180.38	490.00	2940.00	91.70	3080.05	-10.10	132.6	33.1	54.5	133.5	23.6	136.6	98.83	14.35	99.82	6.55	89.87	15.18	158.76	14.77	160.00	19.50	1.09	9.91	3.60	9.87	0.51	859.08	1.65	140.77	43000.00	37.7	305.45	172.83	1.903	197.66	29.52	199.65	31.98	2.199	1.945	1.258	2.165	5.60	11.97	7.43	12.35	393.429	76.040	162.383	100.797	167.505	46.45	6.94	46.92	7.51	393.429	13.0	1.086	1650.00	658.421
	
CFZ 356.76-326M
i
356.0	182.7	76.0	3.4	6.8	24.1	45.00	18.50	3160.49	196.06	547.00	3280.00	102.00	3356.55	-10.10	130.7	32.6	54.4	133.2	23.5	134.7	107.88	15.64	108.95	6.97	93.78	15.97	172.46	16.46	179.00	21.70	1.19	10.86	4.17	11.33	0.72	985.20	2.12	140.20	47800.00	37.6	340.94	188.10	1.862	215.76	32.27	217.89	35.06	2.301	2.020	1.263	2.130	6.13	13.11	8.15	13.52	430.254	83.163	177.918	110.637	183.501	50.70	7.58	51.21	8.24	430.254	14.5	1.084	1850.00	585.880
CFZ-M
Cold-Formed Z-Sections, Uncoated
CFZ-M
CISC 12
--
γ
γ
b
t
b
b
h
r
i
t
b
c
t
c
b
y
z
 	Select All	Geometry	Sectional Area	Bending	Shear	Torsion	Warping	Stability	Plasticity	Other
Section	h
[mm]
b
[mm]
bf
[mm]
t
[mm]
ri
[mm]
c
[mm]
γ
[deg]
A
[cm2]
Iy
[cm4]
Iz
[cm4]
Iyz
[cm4]
Iu
[cm4]
Iv
[cm4]
Ip
[cm4]
α
[deg]
iy
[mm]
iz
[mm]
iyz
[mm]
iu
[mm]
iv
[mm]
ip
[mm]
max Sy
[cm3]
max Sz
[cm3]
max Su
[cm3]
max Sv
[cm3]
Wy
[cm3]
Wz
[cm3]
Wu
[cm3]
Wv
[cm3]
Wy,cat
[cm3]
Wz,cat
[cm3]
Ay
[cm2]
Az
[cm2]
Au
[cm2]
Av
[cm2]
It
[cm4]
It,s
[cm4]
Wt
[cm3]
max ω
[cm2]
Iω
[cm6]
iω
[mm]
Wω
[cm4]
max Sω
[cm4]
rω,SC
Wpl,y
[cm3]
Wpl,z
[cm3]
Wpl,u
[cm3]
Wpl,v
[cm3]
αpl,y
αpl,z
αpl,u
αpl,v
Apl,y
[cm2]
Apl,z
[cm2]
Apl,u
[cm2]
Apl,v
[cm2]
Npl
[kN]
Vpl,y
[kN]
Vpl,z
[kN]
Vpl,u
[kN]
Vpl,v
[kN]
Mpl,y
[kNm]
Mpl,z
[kNm]
Mpl,u
[kNm]
Mpl,v
[kNm]
Nu
[kN]
G
[kg/m]
Am
[m2/m]
V
[cm3/m]
Am/V
[1/m]
	
CFZ 356Z76-326M
i
356.0	179.4	76.0	3.4	6.9	24.0	50.00	18.44	3164.49	194.77	541.00	3270.00	100.00	3359.26	-10.00	131.0	32.5	54.2	133.2	23.3	135.0	108.47	15.58	109.53	6.98	95.38	16.39	172.47	16.42	178.00	21.70	1.20	10.88	4.07	11.27	0.72	974.45	2.11	138.27	47200.00	37.4	341.36	187.84	1.867	216.95	32.17	219.06	34.97	2.275	1.963	1.270	2.129	6.06	13.31	8.10	13.73	433.235	82.276	180.618	109.882	186.291	50.98	7.56	51.48	8.22	433.235	14.5	1.082	1844.00	586.730
	
CFZ 356Z76-290M
i
356.0	179.8	76.0	3.0	6.1	24.0	50.00	16.46	2824.70	176.01	485.00	2930.00	90.30	3000.71	-10.00	131.0	32.7	54.3	133.4	23.4	135.0	97.06	13.97	98.01	6.25	85.22	14.84	153.83	14.80	160.00	19.50	1.08	9.60	3.65	10.01	0.51	867.56	1.67	139.01	42500.00	37.5	305.73	168.78	1.865	194.13	28.74	196.02	31.40	2.278	1.937	1.274	2.122	5.41	11.85	7.25	12.24	386.715	73.439	160.821	98.381	166.012	45.62	6.75	46.07	7.38	386.715	12.9	1.085	1646.00	659.333
	
CFZ 356Z76-254M
i
356.0	180.2	76.0	2.7	5.3	24.0	50.00	14.45	2517.77	155.46	429.00	2580.00	80.10	2673.23	-10.00	132.0	32.8	54.5	133.6	23.5	136.0	85.50	12.33	86.34	5.58	76.20	13.10	136.85	13.09	141.00	17.20	0.94	8.58	3.20	8.73	0.34	761.65	1.28	139.75	37700.00	37.6	269.77	149.24	1.861	171.00	25.28	172.68	27.66	2.244	1.931	1.262	2.113	4.76	10.39	6.37	10.73	339.816	64.532	140.972	86.456	145.612	40.18	5.94	40.58	6.50	339.816	11.3	1.089	1445.00	753.351
	
CFZ 356Z76-218M
i
356.0	180.6	76.0	2.3	4.6	24.0	50.00	12.44	2167.55	135.47	371.00	2230.00	69.60	2303.02	-10.00	132.0	33.0	54.6	133.9	23.7	136.1	73.78	10.67	74.52	4.81	65.63	11.43	117.72	11.35	122.00	14.90	0.82	7.30	2.76	7.49	0.22	652.69	0.95	140.48	32700.00	37.7	232.78	129.26	1.860	147.57	21.79	149.03	23.96	2.249	1.906	1.266	2.111	4.09	8.92	5.50	9.22	292.559	55.556	121.068	74.660	125.159	34.68	5.12	35.02	5.63	292.559	9.8	1.092	1244.00	877.753
	
CFZ 356Z76-181M
i
356.0	180.9	76.0	1.9	3.8	24.0	50.00	10.40	1812.10	113.94	312.00	1880.00	58.80	1926.04	-10.00	132.0	33.1	54.8	134.5	23.8	136.1	61.92	8.97	62.53	4.04	54.46	9.56	98.65	9.57	102.00	12.60	0.68	6.02	2.31	6.28	0.13	544.75	0.66	141.20	27600.00	37.7	195.47	108.84	1.858	123.84	18.26	125.07	20.18	2.274	1.910	1.268	2.109	3.43	7.45	4.62	7.71	244.931	46.511	101.112	62.712	104.618	29.10	4.29	29.39	4.74	244.931	8.2	1.095	1040.00	1053.130
	
CFZ 305Z76-326M
i
305.0	179.4	76.0	3.4	6.9	24.0	50.00	16.70	2170.33	195.33	461.00	2290.00	93.70	2365.66	-12.40	114.0	34.2	52.5	117.1	23.7	119.0	86.08	15.58	87.42	6.45	72.96	15.91	137.47	15.90	143.00	21.70	1.36	9.09	4.38	9.64	0.66	795.10	1.91	117.32	33600.00	37.5	286.39	153.90	1.663	172.17	32.02	174.83	32.70	2.360	2.012	1.272	2.056	6.06	11.56	8.20	12.07	392.126	82.276	156.884	111.228	163.731	40.46	7.52	41.09	7.68	392.126	13.1	0.980	1670.00	586.784
	
CFZ 305Z76-290M
i
305.0	179.8	76.0	3.0	6.1	24.0	50.00	14.91	1971.85	175.41	414.00	2050.00	84.50	2147.26	-12.40	115.0	34.3	52.7	117.3	23.8	120.0	77.07	13.97	78.28	5.88	66.85	14.33	124.79	14.30	129.00	19.50	1.21	8.30	3.89	8.54	0.46	709.17	1.51	117.99	30300.00	37.7	256.80	138.28	1.660	154.15	28.63	156.56	29.26	2.306	1.997	1.255	2.046	5.41	10.30	7.32	10.76	350.161	73.439	139.717	99.257	145.927	36.22	6.73	36.79	6.88	350.161	11.7	0.983	1491.00	659.465
	
CFZ 305Z76-254M
i
305.0	180.2	76.0	2.7	5.3	24.0	50.00	13.10	1732.47	155.92	365.00	1810.00	75.00	1888.40	-12.50	115.0	34.5	52.8	117.5	23.9	120.1	67.93	12.33	68.99	5.18	58.83	12.78	109.67	12.66	114.00	17.20	1.07	7.19	3.43	7.47	0.31	618.25	1.16	118.65	26800.00	37.7	225.87	122.27	1.663	135.86	25.19	137.98	25.87	2.309	1.971	1.258	2.043	4.76	9.03	6.45	9.44	307.816	64.532	122.496	87.517	128.080	31.93	5.92	32.43	6.08	307.816	10.3	0.987	1310.00	753.124
	
CFZ 305Z76-218M
i
305.0	180.6	76.0	2.3	4.6	24.0	50.00	11.27	1490.46	134.92	316.00	1570.00	65.30	1625.38	-12.50	115.0	34.6	53.0	118.0	24.1	120.1	58.66	10.67	59.58	4.46	50.12	10.98	94.46	11.00	98.10	14.90	0.91	6.10	2.97	6.44	0.20	531.68	0.86	119.31	23300.00	37.7	195.29	105.90	1.660	117.31	21.72	119.15	22.42	2.341	1.978	1.261	2.039	4.09	7.76	5.57	8.12	265.113	55.556	105.223	75.638	110.144	27.57	5.10	28.00	5.27	265.113	8.8	0.990	1127.00	878.371
	
CFZ 305Z76-181M
i
305.0	180.9	76.0	1.9	3.8	24.0	50.00	9.43	1268.90	114.20	266.00	1320.00	55.20	1383.10	-12.50	116.0	34.8	53.1	118.3	24.2	121.1	49.25	8.97	50.03	3.81	43.24	9.37	80.48	9.27	82.50	12.60	0.77	5.21	2.46	5.37	0.11	444.72	0.60	119.96	19700.00	37.8	164.22	89.32	1.657	98.50	18.21	100.06	18.82	2.278	1.944	1.243	2.030	3.43	6.48	4.67	6.79	222.040	46.511	87.896	63.312	92.076	23.15	4.28	23.51	4.42	222.040	7.4	0.993	943.00	1053.293
	
CFZ 254Z76-326M
i
254.0	179.4	76.0	3.4	6.9	24.0	50.00	14.96	1413.40	194.96	381.00	1520.00	85.80	1608.36	-16.00	97.2	36.1	50.5	100.8	23.9	103.7	65.92	15.58	67.66	5.88	54.58	15.27	106.78	15.21	111.00	21.70	1.56	7.47	4.69	7.96	0.59	619.97	1.71	96.74	22400.00	37.3	231.54	121.02	1.489	131.85	31.87	135.33	29.99	2.416	2.088	1.267	1.973	6.06	9.81	8.26	10.44	351.018	82.276	133.150	112.025	141.587	30.98	7.49	31.80	7.05	351.018	11.7	0.878	1496.00	586.851
	
CFZ 254Z76-290M
i
254.0	179.8	76.0	3.0	6.1	24.0	50.00	13.36	1270.03	176.04	342.00	1370.00	77.50	1446.08	-16.00	97.5	36.3	50.6	101.3	24.1	104.0	59.07	13.97	60.63	5.29	49.23	13.84	96.21	13.69	99.90	19.50	1.40	6.66	4.19	7.14	0.41	552.03	1.36	97.34	20200.00	37.4	207.52	108.87	1.488	118.13	28.51	121.26	26.93	2.400	2.060	1.260	1.967	5.41	8.74	7.39	9.31	313.603	73.439	118.612	100.308	126.297	27.76	6.70	28.50	6.33	313.603	10.5	0.881	1336.00	659.627
	
CFZ 254Z76-254M
i
254.0	180.2	76.0	2.7	5.3	24.0	50.00	11.74	1120.62	155.55	302.00	1210.00	68.80	1276.17	-16.00	97.7	36.4	50.7	101.5	24.2	104.3	52.10	12.33	53.48	4.68	43.25	12.19	84.83	12.12	88.30	17.20	1.22	5.81	3.68	6.24	0.28	482.27	1.04	97.93	17900.00	37.4	182.78	96.39	1.490	104.19	25.10	106.95	23.81	2.409	2.059	1.261	1.965	4.76	7.67	6.52	8.17	275.816	64.532	104.021	88.439	110.912	24.49	5.90	25.13	5.60	275.816	9.2	0.885	1174.00	753.486
	
CFZ 254Z76-218M
i
254.0	180.6	76.0	2.3	4.6	24.0	50.00	10.11	970.96	135.43	262.00	1050.00	59.90	1106.39	-16.00	98.0	36.6	50.9	101.9	24.3	104.6	45.02	10.67	46.21	4.05	37.42	10.62	73.42	10.52	76.40	14.90	1.06	4.99	3.17	5.37	0.18	416.09	0.77	98.52	15600.00	37.5	158.35	83.59	1.485	90.03	21.66	92.42	20.63	2.406	2.040	1.259	1.961	4.09	6.59	5.63	7.03	237.667	55.556	89.377	76.407	95.429	21.16	5.09	21.72	4.85	237.667	7.9	0.888	1011.00	878.264
	
CFZ 254Z76-181M
i
254.0	180.9	76.0	1.9	3.8	24.0	50.00	8.47	816.78	114.08	220.00	880.00	50.70	930.86	-16.00	98.2	36.7	51.0	101.9	24.5	104.8	37.83	8.97	38.83	3.43	31.53	8.96	61.60	8.88	64.30	12.60	0.88	4.16	2.66	4.44	0.10	348.04	0.53	99.10	13200.00	37.7	133.20	70.45	1.483	75.65	18.17	77.67	17.37	2.400	2.029	1.261	1.956	3.43	5.50	4.73	5.88	199.149	46.511	74.679	64.147	79.840	17.78	4.27	18.25	4.08	199.149	6.6	0.891	847.00	1052.250
	
CFZ 229Z76-326M
i
229.0	179.4	76.0	3.4	6.9	24.0	50.00	14.09	1101.07	194.98	341.00	1220.00	81.10	1296.05	-18.50	88.4	37.2	49.2	93.1	24.0	95.9	56.86	15.58	58.86	5.51	45.91	14.91	92.32	14.78	96.40	21.70	1.68	6.54	4.85	7.20	0.55	531.52	1.61	86.83	17700.00	36.9	203.84	105.60	1.426	113.71	31.79	117.73	28.54	2.477	2.133	1.275	1.930	6.06	8.96	8.28	9.65	330.867	82.276	121.516	112.314	130.987	26.72	7.47	27.67	6.71	330.867	11.1	0.828	1409.00	587.601
	
CFZ 229Z76-290M
i
229.0	179.8	76.0	3.0	6.1	24.0	50.00	12.58	989.76	175.96	307.00	1090.00	73.20	1165.72	-18.50	88.7	37.4	49.4	93.1	24.1	96.3	50.96	13.97	52.76	4.94	41.12	13.44	82.20	13.30	86.60	19.50	1.51	5.82	4.33	6.34	0.39	475.05	1.28	87.40	16000.00	37.1	183.07	95.02	1.423	101.93	28.45	105.53	25.65	2.479	2.117	1.284	1.928	5.41	7.98	7.42	8.62	295.685	73.439	108.267	100.661	116.893	23.95	6.69	24.80	6.03	295.685	9.9	0.831	1258.00	660.781
	
CFZ 229Z76-254M
i
229.0	180.2	76.0	2.7	5.3	24.0	50.00	11.07	874.89	155.67	271.00	966.00	65.10	1030.56	-18.50	88.9	37.5	49.5	93.4	24.3	96.5	44.97	12.33	46.56	4.38	36.34	11.89	72.84	11.79	76.50	17.20	1.32	5.10	3.81	5.57	0.26	415.85	0.98	87.95	14200.00	37.1	161.45	84.14	1.424	89.94	25.06	93.12	22.68	2.475	2.107	1.278	1.923	4.76	7.00	6.54	7.57	260.130	64.532	94.965	88.758	102.688	21.14	5.89	21.88	5.33	260.130	8.7	0.835	1107.00	753.923
	
CFZ 229Z76-218M
i
229.0	180.6	76.0	2.3	4.6	24.0	50.00	9.53	758.27	135.45	235.00	836.00	56.70	893.72	-18.50	89.2	37.7	49.7	93.7	24.4	96.8	38.88	10.67	40.25	3.80	31.45	10.35	62.88	10.24	66.30	14.90	1.14	4.37	3.29	4.77	0.17	354.07	0.72	88.51	12300.00	37.1	138.97	72.97	1.430	77.75	21.62	80.50	19.65	2.472	2.089	1.280	1.920	4.09	6.01	5.65	6.51	224.214	55.556	81.609	76.707	88.386	18.27	5.08	18.92	4.62	224.214	7.5	0.838	953.00	879.249
	
CFZ 229Z76-181M
i
229.0	180.9	76.0	1.9	3.8	24.0	50.00	7.98	637.79	114.02	197.00	704.00	48.00	751.81	-18.50	89.4	37.8	49.7	93.9	24.5	97.1	32.68	8.97	33.84	3.21	26.57	8.75	53.05	8.64	55.80	12.60	0.95	3.64	2.75	3.97	0.10	295.48	0.51	89.05	10400.00	37.2	116.78	61.53	1.430	65.36	18.14	67.68	16.55	2.460	2.074	1.276	1.916	3.43	5.03	4.75	5.45	187.927	46.511	68.201	64.412	73.973	15.36	4.26	15.90	3.89	187.927	6.3	0.841	798.00	1054.205
	
CFZ 203Z76-326M
i
203.0	179.4	76.0	3.4	6.9	24.0	50.00	13.22	835.54	194.94	302.00	955.00	75.60	1030.47	-21.70	79.5	38.4	47.8	85.0	23.9	88.3	48.00	15.58	50.36	5.09	37.94	14.38	78.78	14.30	82.20	21.70	1.83	5.72	5.02	6.44	0.52	459.71	1.51	76.69	13700.00	36.5	178.65	89.96	1.353	95.99	31.72	100.72	26.82	2.530	2.206	1.278	1.875	6.06	8.06	8.26	8.86	309.909	82.276	109.416	112.083	120.191	22.56	7.45	23.67	6.30	309.909	10.4	0.776	1322.00	586.936
	
CFZ 203Z76-290M
i
203.0	179.8	76.0	3.0	6.1	24.0	50.00	11.81	750.18	175.96	271.00	858.00	68.30	926.15	-21.60	79.7	38.6	47.9	85.2	24.0	88.6	43.04	13.97	45.16	4.57	34.17	13.04	70.59	12.88	73.90	19.50	1.64	5.08	4.48	5.72	0.37	404.74	1.20	77.21	12300.00	36.4	159.30	80.96	1.361	86.09	28.39	90.32	24.11	2.520	2.177	1.280	1.872	5.41	7.19	7.41	7.91	277.052	73.439	97.508	100.488	107.303	20.23	6.67	21.23	5.67	277.052	9.3	0.779	1181.00	659.833
	
CFZ 203Z76-254M
i
203.0	180.2	76.0	2.7	5.3	24.0	50.00	10.39	664.96	155.61	239.00	759.00	60.80	820.57	-21.60	80.0	38.7	48.0	85.5	24.2	88.9	38.00	12.33	39.87	4.07	30.42	11.58	62.62	11.42	65.40	17.20	1.43	4.46	3.94	5.00	0.25	352.79	0.92	77.73	10900.00	36.5	140.22	71.70	1.365	76.00	25.01	79.74	21.32	2.498	2.161	1.273	1.867	4.76	6.31	6.53	6.95	243.816	64.532	85.546	88.601	94.296	17.86	5.88	18.74	5.01	243.816	8.2	0.783	1039.00	753.217
	
CFZ 203Z76-218M
i
203.0	180.6	76.0	2.3	4.6	24.0	50.00	8.95	575.67	135.43	207.00	658.00	52.90	711.10	-21.60	80.2	38.9	48.1	85.7	24.3	89.1	32.87	10.67	34.49	3.52	26.34	10.10	54.10	9.90	56.70	14.90	1.24	3.82	3.39	4.29	0.16	304.34	0.68	78.25	9510.00	36.6	121.53	62.20	1.362	65.73	21.59	68.97	18.49	2.495	2.138	1.275	1.867	4.09	5.42	5.65	5.98	210.222	55.556	73.531	76.619	81.199	15.45	5.07	16.21	4.34	210.222	7.0	0.786	895.00	878.128
	
CFZ 203Z76-181M
i
203.0	180.9	76.0	1.9	3.8	24.0	50.00	7.50	484.81	114.08	175.00	554.00	44.80	598.89	-21.60	80.4	39.0	48.3	85.9	24.4	89.4	27.64	8.97	29.00	2.96	21.87	8.42	45.32	8.36	47.70	12.60	1.03	3.18	2.84	3.57	0.09	253.55	0.47	78.76	8040.00	36.6	102.08	52.54	1.364	55.29	18.12	58.00	15.59	2.528	2.153	1.280	1.865	3.43	4.53	4.75	5.01	176.257	46.511	61.463	64.445	67.997	12.99	4.26	13.63	3.66	176.257	5.9	0.789	750.00	1052.341
	
CFZ 203Z76-144M
i
203.0	181.3	76.0	1.5	3.0	24.0	50.00	6.03	391.73	92.19	141.00	448.00	36.40	483.92	-21.60	80.6	39.1	48.4	86.2	24.6	89.6	22.19	7.20	23.28	2.39	17.70	6.82	36.67	6.77	38.60	10.20	0.83	2.55	2.29	2.87	0.05	204.28	0.31	79.28	6530.00	36.7	82.36	42.31	1.357	44.37	14.52	46.56	12.54	2.507	2.128	1.269	1.853	2.74	3.61	3.81	4.00	141.021	37.156	49.022	51.678	54.327	10.43	3.41	10.94	2.95	141.021	4.7	0.793	603.00	1314.552
	
CFZ 152Z76-326M
i
152.0	179.4	76.0	3.4	6.9	24.0	50.00	11.47	426.80	195.64	222.00	562.00	61.00	622.44	-31.20	61.0	41.3	44.0	70.0	23.1	73.7	32.30	15.58	35.69	3.95	24.45	13.42	54.64	12.99	56.10	21.70	2.23	3.95	5.15	5.05	0.45	303.43	1.31	57.39	7200.00	34.0	125.45	61.10	1.322	64.59	31.57	71.39	22.66	2.642	2.353	1.307	1.744	6.06	6.32	8.02	7.37	268.801	82.276	85.682	108.808	99.976	15.18	7.42	16.78	5.32	268.801	9.0	0.674	1147.00	587.559
	
CFZ 152Z76-290M
i
152.0	179.8	76.0	3.0	6.1	24.0	50.00	10.26	384.28	175.85	199.00	505.00	55.20	560.13	-31.20	61.2	41.4	44.0	70.2	23.2	73.9	29.00	13.97	32.05	3.57	22.09	12.12	49.08	11.70	50.50	19.50	1.98	3.51	4.60	4.47	0.32	269.90	1.04	57.85	6510.00	34.1	112.54	55.08	1.324	58.01	28.27	64.10	20.39	2.626	2.332	1.306	1.743	5.41	5.63	7.20	6.58	240.495	73.439	76.403	97.662	89.326	13.63	6.64	15.06	4.79	240.495	8.1	0.677	1026.00	660.099
	
CFZ 152Z76-254M
i
152.0	180.2	76.0	2.7	5.3	24.0	50.00	9.03	341.54	155.52	176.00	448.00	49.20	497.06	-31.10	61.5	41.5	44.1	70.4	23.3	74.2	25.64	12.33	28.33	3.18	19.63	10.73	43.59	10.38	44.80	17.20	1.73	3.09	4.05	3.92	0.21	236.08	0.80	58.30	5790.00	34.1	99.32	48.87	1.328	51.28	24.92	56.65	18.07	2.612	2.322	1.300	1.740	4.76	4.94	6.36	5.79	211.816	64.532	67.071	86.275	78.568	12.05	5.86	13.31	4.25	211.816	7.1	0.681	903.00	753.702
	
CFZ 152Z76-218M
i
152.0	180.6	76.0	2.3	4.6	24.0	50.00	7.79	296.56	135.46	153.00	389.00	43.00	432.02	-31.10	61.7	41.7	44.3	70.7	23.5	74.5	22.21	10.67	24.52	2.75	16.95	9.33	37.67	9.03	38.90	14.90	1.49	2.65	3.50	3.37	0.14	202.00	0.59	58.74	5040.00	34.2	85.80	42.47	1.332	44.41	21.52	49.05	15.68	2.621	2.306	1.302	1.736	4.09	4.25	5.51	4.99	182.776	55.556	57.685	74.713	67.712	10.44	5.06	11.53	3.69	182.776	6.1	0.684	779.00	877.952
	
CFZ 152Z76-181M
i
152.0	180.9	76.0	1.9	3.8	24.0	50.00	6.53	250.20	114.09	129.00	328.00	36.40	364.30	-31.10	61.9	41.8	44.4	70.9	23.6	74.7	18.70	8.97	20.65	2.32	14.19	7.83	31.70	7.61	32.80	12.60	1.24	2.21	2.92	2.80	0.08	168.40	0.41	59.19	4270.00	34.2	72.14	35.87	1.335	37.40	18.07	41.29	13.24	2.635	2.308	1.303	1.738	3.43	3.56	4.64	4.18	153.366	46.511	48.247	62.895	56.745	8.79	4.25	9.70	3.11	153.366	5.1	0.687	653.00	1052.458
	
CFZ 152Z76-144M
i
152.0	181.3	76.0	1.5	3.0	24.0	50.00	5.26	202.85	92.35	104.00	265.00	29.70	295.19	-31.10	62.1	41.9	44.5	71.0	23.8	74.9	15.03	7.20	16.59	1.88	11.58	6.38	25.61	6.18	26.60	10.20	1.00	1.78	2.37	2.24	0.04	135.34	0.27	59.64	3470.00	34.3	58.18	28.95	1.331	30.06	14.49	33.18	10.66	2.596	2.269	1.295	1.724	2.74	2.84	3.72	3.34	122.803	37.156	38.505	50.512	45.377	7.06	3.40	7.80	2.51	122.803	4.1	0.691	526.00	1313.070
ZU
Z-Sections Without Lips
ZU
AISI D100-17
--
b
b
f
d
t
b
f
r
i
y
z
 	Select All	Geometry	Sectional Area	Bending	Shear	Torsion	Warping	Stability	Plasticity	Other
Section	h
[mm]
b
[mm]
bf
[mm]
t
[mm]
ri
[mm]
A
[cm2]
Iy
[cm4]
Iz
[cm4]
Iyz
[cm4]
Iu
[cm4]
Iv
[cm4]
Ip
[cm4]
α
[deg]
iy
[mm]
iz
[mm]
iyz
[mm]
iu
[mm]
iv
[mm]
ip
[mm]
max Sy
[cm3]
max Sz
[cm3]
max Su
[cm3]
max Sv
[cm3]
Wy
[cm3]
Wz
[cm3]
Wu
[cm3]
Wv
[cm3]
Ay
[cm2]
Az
[cm2]
Au
[cm2]
Av
[cm2]
It
[cm4]
It,s
[cm4]
Wt
[cm3]
max ω
[cm2]
Iω
[cm6]
iω
[mm]
Wω
[cm4]
max Sω
[cm4]
rω,SC
Wpl,y
[cm3]
Wpl,z
[cm3]
Wpl,u
[cm3]
Wpl,v
[cm3]
αpl,y
αpl,z
αpl,u
αpl,v
Apl,y
[cm2]
Apl,z
[cm2]
Apl,u
[cm2]
Apl,v
[cm2]
Npl
[kN]
Vpl,y
[kN]
Vpl,z
[kN]
Vpl,u
[kN]
Vpl,v
[kN]
Mpl,y
[kNm]
Mpl,z
[kNm]
Mpl,u
[kNm]
Mpl,v
[kNm]
Nu
[kN]
G
[kg/m]
Am
[m2/m]
V
[cm3/m]
Am/V
[1/m]
	
CF 8ZU1.25x105
i
203.2	60.8	31.8	2.7	4.8	6.84	327.99	4.99	24.89	330.07	3.10	332.99	-4.40	69.3	8.6	19.1	6.7	6.7	69.9	32.28	1.64	20.86	0.69	20.08	1.36	31.75	1.36	0.19	5.00	0.74	5.03	0.16	51.49	0.61	26.73	416.23	11.2	15.57	9.50	3.334	41.66	2.82	41.73	3.48	2.074	2.081	1.314	2.558	1.62	5.35	1.98	5.46	160.511	22.013	72.563	26.841	74.033	9.79	0.66	9.81	0.82	160.511	5.4	0.518	683.87	756.870
	
CF 8ZU1.25x090
i
203.2	61.2	31.8	2.3	4.8	5.88	283.87	4.37	21.60	285.53	2.71	288.24	-4.40	69.6	8.6	19.2	6.8	6.8	70.1	27.86	1.43	18.00	0.60	17.55	1.18	27.56	1.18	0.17	4.30	0.64	4.32	0.10	44.13	0.45	26.95	362.52	11.2	13.45	8.26	3.339	35.95	2.40	36.01	3.01	2.048	2.032	1.306	2.545	1.40	4.59	1.71	4.69	138.078	18.986	62.315	23.163	63.587	8.45	0.56	8.46	0.71	138.078	4.6	0.519	587.74	882.514
	
CF 8ZU1.25x075
i
203.2	61.6	31.8	1.9	4.8	4.92	238.50	3.71	18.27	240.17	2.30	242.21	-4.40	69.6	8.7	19.3	6.8	6.8	70.1	23.43	1.20	15.10	0.50	14.81	1.00	23.11	1.00	0.14	3.58	0.54	3.61	0.06	37.22	0.31	27.17	308.82	11.3	11.37	6.99	3.323	30.15	1.99	30.20	2.54	2.035	1.993	1.307	2.537	1.17	3.83	1.43	3.91	115.480	15.920	52.028	19.446	53.101	7.09	0.47	7.10	0.60	115.480	3.9	0.520	491.61	1057.294
	
CF 8ZU1.25x060
i
203.2	62.0	31.8	1.5	4.8	3.95	192.72	3.03	14.82	193.96	1.87	195.74	-4.40	69.8	8.8	19.4	6.9	6.9	70.4	19.01	0.98	12.16	0.41	12.05	0.81	18.70	0.81	0.11	2.87	0.44	2.89	0.03	30.31	0.20	27.39	253.23	11.4	9.25	5.67	3.299	24.28	1.58	24.32	2.05	2.014	1.953	1.301	2.532	0.94	3.07	1.15	3.14	92.716	12.815	41.701	15.664	42.568	5.71	0.37	5.72	0.48	92.716	3.1	0.521	394.84	1319.193
	
CF 8ZU1.25x048
i
203.2	62.3	31.8	1.2	4.8	3.17	155.25	2.46	11.99	156.09	1.52	157.71	-4.50	70.1	8.8	19.5	6.9	6.9	70.7	15.29	0.79	9.78	0.33	9.75	0.65	15.04	0.65	0.09	2.30	0.35	2.31	0.02	24.44	0.13	27.57	205.97	11.4	7.47	4.59	3.290	19.53	1.26	19.56	1.65	2.002	1.925	1.301	2.529	0.76	2.46	0.93	2.51	74.385	10.302	33.411	12.602	34.111	4.59	0.30	4.60	0.39	74.385	2.5	0.522	316.77	1647.040
	
CF 6ZU1.25x105
i
152.4	60.8	31.8	2.7	4.8	5.48	157.34	4.99	18.56	159.83	2.78	162.33	-6.80	53.6	9.6	18.4	7.1	7.1	54.4	20.65	1.64	13.07	0.61	11.83	1.29	20.09	1.29	0.25	3.71	0.88	3.78	0.13	35.74	0.49	19.26	219.66	11.6	11.40	6.61	2.582	26.03	2.73	26.14	3.09	2.201	2.117	1.301	2.386	1.62	3.99	2.01	4.16	128.672	22.013	54.181	27.325	56.419	6.12	0.64	6.14	0.73	128.672	4.3	0.416	547.74	759.484
	
CF 6ZU1.25x090
i
152.4	61.2	31.8	2.3	4.8	4.72	136.52	4.37	16.15	138.61	2.43	140.89	-6.90	53.8	9.6	18.5	7.2	7.2	54.7	17.86	1.43	11.30	0.53	10.34	1.13	17.44	1.13	0.21	3.20	0.76	3.25	0.08	31.02	0.36	19.44	192.81	11.7	9.92	5.75	2.572	22.50	2.34	22.59	2.67	2.175	2.077	1.295	2.376	1.40	3.43	1.74	3.57	110.788	18.986	46.559	23.592	48.495	5.29	0.55	5.31	0.63	110.788	3.7	0.417	471.61	884.391
	
CF 6ZU1.25x075
i
152.4	61.6	31.8	1.9	4.8	3.95	115.30	3.71	13.65	116.96	2.06	119.01	-6.90	54.1	9.7	18.6	7.2	7.2	55.0	15.11	1.20	9.49	0.45	8.81	0.95	14.78	0.95	0.18	2.68	0.64	2.72	0.05	26.13	0.25	19.61	164.34	11.8	8.38	4.87	2.565	18.90	1.94	18.98	2.25	2.146	2.040	1.284	2.368	1.17	2.87	1.46	2.99	92.738	15.920	38.898	19.796	40.524	4.44	0.46	4.46	0.53	92.738	3.1	0.418	394.84	1059.114
	
CF 6ZU1.25x060
i
152.4	62.0	31.8	1.5	4.8	3.17	93.24	3.03	11.07	94.48	1.68	96.26	-6.90	54.1	9.8	18.7	7.3	7.3	55.0	12.22	0.98	7.65	0.36	7.17	0.77	11.94	0.77	0.14	2.15	0.52	2.17	0.02	21.15	0.16	19.79	134.54	11.8	6.80	3.95	2.556	15.24	1.55	15.31	1.82	2.126	2.007	1.282	2.358	0.94	2.30	1.18	2.40	74.522	12.815	31.197	15.951	32.510	3.58	0.36	3.60	0.43	74.522	2.5	0.419	317.42	1320.866
	
CF 6ZU1.25x048
i
152.4	62.3	31.8	1.2	4.8	2.55	75.34	2.46	8.99	76.17	1.37	77.79	-6.90	54.4	9.8	18.8	7.3	7.3	55.2	9.87	0.79	6.16	0.29	5.79	0.62	9.59	0.62	0.12	1.72	0.42	1.74	0.01	17.06	0.10	19.93	109.56	11.9	5.50	3.20	2.550	12.27	1.24	12.33	1.47	2.119	1.990	1.286	2.355	0.76	1.84	0.95	1.92	59.830	10.302	25.008	12.840	26.068	2.88	0.29	2.90	0.35	59.830	2.0	0.420	254.84	1648.649
	
CF 4ZU1.25x090
i
101.6	61.2	31.8	2.3	4.8	3.55	50.36	4.37	10.70	52.45	2.00	54.73	-12.50	37.6	11.1	17.3	7.5	7.5	39.2	9.88	1.43	6.09	0.43	5.04	1.03	9.35	1.03	0.30	2.08	0.92	2.15	0.06	18.18	0.27	12.10	77.07	11.9	6.37	3.37	1.900	12.00	2.27	12.18	2.21	2.378	2.197	1.302	2.145	1.40	2.27	1.75	2.52	83.498	18.986	30.803	23.780	34.177	2.82	0.53	2.86	0.52	83.498	2.8	0.315	355.48	887.495
	
CF 4ZU1.25x075
i
101.6	61.6	31.8	1.9	4.8	2.98	42.46	3.71	9.03	44.54	1.71	46.17	-12.50	37.8	11.2	17.4	7.6	7.6	39.5	8.36	1.20	5.13	0.36	4.29	0.88	7.92	0.88	0.25	1.73	0.78	1.81	0.04	15.27	0.19	12.23	65.79	11.9	5.38	2.85	1.901	10.11	1.90	10.26	1.87	2.357	2.161	1.295	2.133	1.17	1.90	1.47	2.11	69.996	15.920	25.768	19.979	28.602	2.37	0.45	2.41	0.44	69.996	2.3	0.317	298.06	1062.116
	
CF 4ZU1.25x060
i
101.6	62.0	31.8	1.5	4.8	2.40	34.51	3.03	7.37	36.13	1.39	37.53	-12.50	37.8	11.2	17.5	7.6	7.6	39.5	6.80	0.98	4.15	0.29	3.48	0.71	6.39	0.71	0.20	1.39	0.62	1.45	0.02	12.34	0.12	12.36	53.98	12.0	4.37	2.32	1.899	8.17	1.52	8.30	1.51	2.348	2.145	1.298	2.132	0.94	1.53	1.19	1.69	56.329	12.815	20.693	16.118	22.982	1.92	0.36	1.95	0.36	56.329	1.9	0.318	240.00	1323.617
	
CF 4ZU1.25x048
i
101.6	62.3	31.8	1.2	4.8	1.93	27.93	2.46	5.95	29.26	1.13	30.38	-12.50	38.1	11.3	17.6	7.7	7.7	39.7	5.51	0.79	3.35	0.24	2.84	0.58	5.20	0.58	0.16	1.11	0.50	1.16	0.01	9.95	0.08	12.46	44.04	12.0	3.53	1.88	1.898	6.59	1.22	6.69	1.22	2.319	2.116	1.288	2.122	0.76	1.22	0.96	1.36	45.276	10.302	16.605	12.971	18.444	1.55	0.29	1.57	0.29	45.276	1.5	0.319	192.90	1651.291
	
CF 4ZU1.25x036
i
101.6	62.6	31.8	0.9	4.8	1.45	21.23	1.87	4.54	22.23	0.86	23.10	-12.50	38.4	11.4	17.7	7.7	7.7	40.0	4.18	0.60	2.53	0.18	2.16	0.44	3.93	0.44	0.12	0.84	0.38	0.88	0.00	7.59	0.04	12.56	33.84	12.1	2.69	1.43	1.889	4.99	0.92	5.06	0.93	2.312	2.107	1.288	2.122	0.57	0.92	0.72	1.02	34.116	7.765	12.491	9.793	13.881	1.17	0.22	1.19	0.22	34.116	1.1	0.319	145.16	2200.384
	
CF 3.625ZU1.25x090
i
92.1	61.2	31.8	2.3	4.8	3.34	39.54	4.37	9.66	42.04	1.89	43.91	-14.40	34.5	11.5	17.0	7.5	7.5	36.4	8.59	1.43	5.28	0.40	4.23	1.01	8.04	1.01	0.32	1.85	0.95	1.96	0.06	15.77	0.25	10.75	61.23	11.8	5.69	2.94	1.801	10.36	2.26	10.57	2.11	2.448	2.236	1.315	2.091	1.40	2.05	1.75	2.34	78.381	18.986	27.849	23.712	31.693	2.43	0.53	2.48	0.50	78.381	2.6	0.296	333.55	888.746
	
CF 3.625ZU1.25x075
i
92.1	61.6	31.8	1.9	4.8	2.80	33.51	3.71	8.20	35.63	1.61	37.22	-14.40	34.5	11.5	17.1	7.6	7.6	36.4	7.28	1.20	4.45	0.34	3.59	0.85	6.79	0.86	0.27	1.55	0.80	1.64	0.03	13.27	0.18	10.87	52.36	11.9	4.82	2.49	1.801	8.73	1.89	8.91	1.78	2.433	2.214	1.313	2.080	1.17	1.72	1.47	1.96	65.732	15.920	23.306	19.930	26.535	2.05	0.44	2.09	0.42	65.732	2.2	0.298	280.00	1062.604
	
CF 3.625ZU1.25x060
i
92.1	62.0	31.8	1.5	4.8	2.25	27.26	3.03	6.66	28.97	1.32	30.29	-14.40	34.8	11.6	17.2	7.6	7.7	36.7	5.92	0.98	3.60	0.28	2.95	0.70	5.53	0.70	0.22	1.24	0.65	1.32	0.02	10.85	0.11	11.00	43.23	11.9	3.93	2.03	1.790	7.07	1.52	7.21	1.44	2.398	2.181	1.303	2.071	0.94	1.38	1.18	1.57	52.918	12.815	18.723	16.071	21.322	1.66	0.36	1.69	0.34	52.918	1.8	0.299	225.16	1326.241
	
CF 3.625ZU1.25x048
i
92.1	62.3	31.8	1.2	4.8	1.81	22.10	2.46	5.41	23.48	1.07	24.56	-14.40	35.1	11.6	17.3	7.7	7.7	36.9	4.80	0.79	2.91	0.22	2.38	0.56	4.46	0.56	0.18	1.00	0.52	1.06	0.01	8.68	0.07	11.09	35.18	12.0	3.17	1.65	1.797	5.70	1.22	5.82	1.17	2.392	2.171	1.304	2.065	0.76	1.11	0.95	1.26	42.546	10.302	15.029	12.945	17.122	1.34	0.29	1.37	0.27	42.546	1.4	0.299	181.29	1651.987
	
CF 3.625ZU1.25x036
i
92.1	62.6	31.8	0.9	4.8	1.37	16.77	1.87	4.10	17.81	0.82	18.64	-14.40	35.1	11.7	17.3	7.7	7.7	37.0	3.64	0.60	2.20	0.17	1.83	0.43	3.40	0.43	0.13	0.75	0.40	0.79	0.00	6.53	0.04	11.19	26.85	12.0	2.40	1.25	1.802	4.32	0.92	4.40	0.88	2.358	2.138	1.296	2.056	0.57	0.83	0.72	0.95	32.069	7.765	11.310	9.768	12.885	1.01	0.22	1.04	0.21	32.069	1.1	0.300	136.77	2196.032
	
CF 2.5ZU1.25x090
i
63.5	61.2	31.8	2.3	4.8	2.68	16.32	4.37	6.58	19.23	1.46	20.69	-23.90	24.7	12.8	15.7	7.4	7.4	27.8	5.15	1.43	3.21	0.30	2.25	0.92	4.64	0.91	0.43	1.18	1.02	1.38	0.05	9.24	0.20	6.84	25.59	11.1	3.74	1.75	1.583	6.06	2.22	6.41	1.70	2.694	2.419	1.383	1.881	1.40	1.40	1.67	1.85	63.030	18.986	18.986	22.705	25.046	1.42	0.52	1.51	0.40	63.030	2.1	0.239	268.39	891.585
	
CF 2.5ZU1.25x075
i
63.5	61.6	31.8	1.9	4.8	2.25	13.90	3.71	5.58	16.36	1.24	17.61	-23.80	24.8	12.8	15.7	7.4	7.4	28.0	4.38	1.20	2.71	0.26	1.94	0.78	3.95	0.77	0.36	0.99	0.86	1.16	0.03	7.79	0.14	6.93	21.99	11.2	3.17	1.49	1.585	5.12	1.86	5.42	1.44	2.646	2.378	1.373	1.868	1.17	1.17	1.41	1.55	52.940	15.920	15.920	19.107	20.990	1.20	0.44	1.27	0.34	52.940	1.8	0.240	225.16	1067.585
	
CF 2.5ZU1.25x060
i
63.5	62.0	31.8	1.5	4.8	1.82	11.36	3.03	4.54	13.36	1.02	14.39	-23.80	25.0	12.9	15.8	7.5	7.5	28.1	3.57	0.98	2.20	0.21	1.60	0.64	3.23	0.63	0.29	0.80	0.69	0.93	0.01	6.31	0.09	7.03	18.15	11.2	2.58	1.21	1.586	4.16	1.50	4.40	1.17	2.600	2.338	1.362	1.858	0.94	0.94	1.14	1.24	42.684	12.815	12.815	15.434	16.886	0.98	0.35	1.03	0.28	42.684	1.4	0.241	181.94	1327.217
	
CF 2.5ZU1.25x048
i
63.5	62.3	31.8	1.2	4.8	1.46	9.24	2.46	3.70	10.86	0.83	11.70	-23.70	25.1	13.0	15.9	7.5	7.5	28.3	2.92	0.79	1.78	0.17	1.29	0.52	2.61	0.51	0.23	0.64	0.56	0.75	0.01	5.09	0.06	7.11	14.88	11.3	2.09	0.99	1.588	3.37	1.21	3.56	0.95	2.608	2.338	1.364	1.849	0.76	0.76	0.92	1.00	34.359	10.302	10.302	12.446	13.577	0.79	0.28	0.84	0.22	34.359	1.1	0.242	146.45	1654.739
	
CF 2.5ZU1.25x036
i
63.5	62.6	31.8	0.9	4.8	1.10	7.03	1.87	2.81	8.28	0.64	8.90	-23.70	25.3	13.0	16.0	7.6	7.6	28.4	2.23	0.60	1.35	0.13	0.99	0.39	1.98	0.39	0.17	0.48	0.42	0.56	0.00	3.86	0.03	7.18	11.44	11.3	1.59	0.75	1.589	2.55	0.91	2.70	0.72	2.588	2.313	1.361	1.840	0.57	0.57	0.69	0.75	25.929	7.765	7.765	9.408	10.231	0.60	0.21	0.63	0.17	25.929	0.9	0.243	110.32	2204.539
	
CF 1.5ZU1.25x090
i
38.1	61.2	31.8	2.3	4.8	2.10	4.95	4.37	3.85	8.53	0.80	9.32	-42.80	15.3	14.4	13.5	6.2	6.2	21.1	2.61	1.43	1.84	0.24	0.96	0.78	2.45	0.73	0.60	0.60	0.80	1.01	0.04	4.13	0.16	3.59	7.38	8.9	2.06	0.82	1.731	3.02	2.19	3.68	1.14	3.132	2.791	1.501	1.564	1.40	0.82	1.36	1.55	49.385	18.986	11.108	18.442	21.054	0.71	0.51	0.86	0.27	49.385	1.7	0.188	210.32	896.193
	
CF 1.5ZU1.25x075
i
38.1	61.6	31.8	1.9	4.8	1.77	4.25	3.71	3.28	7.28	0.70	7.96	-42.60	15.5	14.5	13.6	6.2	6.3	21.2	2.23	1.20	1.56	0.20	0.83	0.67	2.08	0.63	0.50	0.50	0.68	0.84	0.02	3.50	0.11	3.67	6.42	9.0	1.75	0.71	1.732	2.57	1.84	3.12	0.97	3.093	2.740	1.500	1.539	1.17	0.69	1.15	1.30	41.569	15.920	9.355	15.600	17.670	0.60	0.43	0.73	0.23	41.569	1.4	0.190	176.77	1072.435
	
CF 1.5ZU1.25x060
i
38.1	62.0	31.8	1.5	4.8	1.43	3.52	3.03	2.68	5.95	0.57	6.54	-42.40	15.7	14.6	13.7	6.3	6.3	21.4	1.85	0.98	1.27	0.16	0.70	0.55	1.70	0.52	0.40	0.41	0.55	0.67	0.01	2.83	0.07	3.74	5.34	9.0	1.43	0.58	1.735	2.10	1.49	2.54	0.79	3.005	2.679	1.493	1.523	0.94	0.56	0.93	1.05	33.587	12.815	7.563	12.673	14.225	0.49	0.35	0.60	0.19	33.587	1.1	0.191	143.23	1331.239
	
CF 1.5ZU1.25x048
i
38.1	62.3	31.8	1.2	4.8	1.15	2.88	2.46	2.19	4.87	0.47	5.34	-42.20	15.8	14.6	13.8	6.4	6.4	21.5	1.51	0.79	1.03	0.13	0.58	0.45	1.39	0.42	0.32	0.33	0.44	0.54	0.01	2.28	0.05	3.80	4.40	9.1	1.16	0.48	1.742	1.71	1.20	2.06	0.64	2.956	2.639	1.482	1.515	0.76	0.45	0.76	0.84	27.082	10.302	6.101	10.259	11.440	0.40	0.28	0.48	0.15	27.082	0.9	0.192	115.48	1658.579
	
CF 1.5ZU1.25x036
i
38.1	62.6	31.8	0.9	4.8	0.87	2.21	1.87	1.67	3.72	0.36	4.08	-42.00	16.0	14.7	13.8	6.5	6.5	21.7	1.16	0.60	0.78	0.10	0.44	0.35	1.06	0.33	0.24	0.25	0.34	0.41	0.00	1.73	0.03	3.86	3.41	9.1	0.88	0.37	1.743	1.30	0.90	1.57	0.49	2.931	2.611	1.480	1.495	0.57	0.34	0.57	0.64	20.471	7.765	4.613	7.785	8.626	0.31	0.21	0.37	0.12	20.471	0.7	0.192	87.10	2209.156
ZS
Z-Sections with Lips
ZS
AISI D100-17
--
γ
γ
b
t
b
b
d
r
i
t
b
c
t
c
b
y
z
 	Select All	Geometry	Sectional Area	Bending	Shear	Torsion	Warping	Stability	Plasticity	Other
Section	h
[mm]
b
[mm]
bf
[mm]
t
[mm]
ri
[mm]
c
[mm]
γ
[deg]
A
[cm2]
Iy
[cm4]
Iz
[cm4]
Iyz
[cm4]
Iu
[cm4]
Iv
[cm4]
Ip
[cm4]
α
[deg]
iy
[mm]
iz
[mm]
iyz
[mm]
iu
[mm]
iv
[mm]
ip
[mm]
max Sy
[cm3]
max Sz
[cm3]
max Su
[cm3]
max Sv
[cm3]
Wy
[cm3]
Wz
[cm3]
Wu
[cm3]
Wv
[cm3]
Ay
[cm2]
Az
[cm2]
Au
[cm2]
Av
[cm2]
It
[cm4]
It,s
[cm4]
Wt
[cm3]
max ω
[cm2]
Iω
[cm6]
iω
[mm]
Wω
[cm4]
max Sω
[cm4]
rω,SC
Wpl,y
[cm3]
Wpl,z
[cm3]
Wpl,u
[cm3]
Wpl,v
[cm3]
αpl,y
αpl,z
αpl,u
αpl,v
Apl,y
[cm2]
Apl,z
[cm2]
Apl,u
[cm2]
Apl,v
[cm2]
Npl
[kN]
Vpl,y
[kN]
Vpl,z
[kN]
Vpl,u
[kN]
Vpl,v
[kN]
Mpl,y
[kNm]
Mpl,z
[kNm]
Mpl,u
[kNm]
Mpl,v
[kNm]
Nu
[kN]
G
[kg/m]
Am
[m2/m]
V
[cm3/m]
Am/V
[1/m]
	
CF 12ZS3.25x105
i
304.8	194.8	82.5	2.7	4.8	25.1	50.00	13.48	1818.93	194.38	424.56	1922.99	90.74	2013.31	-13.70	116.1	37.8	56.1	25.9	25.9	122.1	119.46	19.99	72.33	5.81	59.64	14.37	114.83	14.42	1.20	7.08	3.76	7.45	0.32	692.10	1.20	127.70	33029.91	40.5	258.66	139.37	1.596	141.90	29.27	144.66	29.20	2.379	2.037	1.260	2.026	5.14	9.06	7.02	9.57	317.356	69.735	122.923	95.180	129.829	33.35	6.88	34.00	6.86	317.356	10.6	1.018	1348.38	755.069
	
CF 12ZS3.25x085
i
304.8	194.3	82.5	2.2	4.8	24.4	50.00	10.97	1477.62	156.09	341.73	1560.87	73.26	1633.71	-13.70	116.3	37.8	55.8	25.9	25.8	122.3	97.01	16.09	58.66	4.72	48.85	11.64	93.62	11.67	0.96	5.75	3.03	6.04	0.17	551.52	0.79	127.68	26477.64	40.3	207.37	112.62	1.617	115.11	23.52	117.32	23.57	2.356	2.021	1.253	2.020	4.16	7.32	5.67	7.74	257.016	56.428	99.369	76.888	105.073	27.05	5.53	27.57	5.54	257.016	8.6	1.018	1096.77	927.756
	
CF 12ZS3.25x070
i
304.8	193.7	82.5	1.8	4.8	23.6	50.00	9.03	1219.56	127.78	280.54	1290.32	59.94	1347.34	-13.60	116.3	37.6	55.7	25.9	25.8	122.3	80.13	13.21	48.32	3.86	40.45	9.59	77.31	9.58	0.79	4.75	2.49	5.01	0.09	454.36	0.53	127.46	21697.70	40.1	170.23	92.32	1.624	94.85	19.20	96.65	19.33	2.345	2.002	1.250	2.018	3.42	6.02	4.66	6.37	211.571	46.396	81.677	63.166	86.461	22.29	4.51	22.71	4.54	211.571	7.1	1.016	903.22	1125.231
	
CF 12ZS2.75x105
i
304.8	169.4	69.8	2.7	4.8	25.1	50.00	12.84	1664.93	130.28	323.83	1731.52	64.52	1795.21	-11.40	114.0	31.8	50.2	22.4	22.4	118.4	109.30	15.37	66.72	4.80	57.44	11.45	106.59	11.40	0.94	7.18	3.09	7.45	0.30	555.74	1.14	112.35	22852.40	35.7	203.40	111.45	1.704	131.67	22.60	133.43	23.70	2.292	1.975	1.252	2.079	4.46	9.06	6.05	9.38	301.436	60.544	122.923	82.148	127.323	30.94	5.31	31.36	5.57	301.436	10.1	0.967	1283.87	753.444
	
CF 12ZS2.75x085
i
304.8	168.9	69.8	2.2	4.8	24.4	50.00	10.39	1352.75	104.47	261.39	1406.86	52.03	1457.23	-11.40	114.0	31.8	50.2	22.4	22.4	118.4	88.82	12.37	54.11	3.88	46.74	9.21	86.71	9.22	0.76	5.83	2.50	6.05	0.16	445.59	0.75	112.36	18367.85	35.5	163.47	90.02	1.723	106.81	18.14	108.22	19.13	2.285	1.970	1.248	2.074	3.61	7.32	4.89	7.59	244.129	48.988	99.369	66.390	103.035	25.10	4.26	25.43	4.50	244.129	8.2	0.967	1038.71	930.711
	
CF 12ZS2.75x070
i
304.8	168.3	69.8	1.8	4.8	23.6	50.00	8.58	1115.50	85.33	214.78	1161.29	42.46	1200.83	-11.30	114.3	31.5	50.0	22.3	22.2	118.6	73.25	10.16	44.57	3.17	38.49	7.54	71.33	7.55	0.62	4.81	2.05	5.00	0.09	366.97	0.51	112.17	15038.01	35.3	134.06	73.75	1.733	88.01	14.78	89.15	15.69	2.286	1.959	1.250	2.077	2.97	6.02	4.02	6.25	200.958	40.269	81.677	54.550	84.773	20.68	3.47	20.95	3.69	200.958	6.7	0.966	858.06	1125.251
	
CF 12ZS2.25x105
i
304.8	144.0	57.1	2.7	4.8	25.1	50.00	12.13	1510.92	81.58	237.67	1548.38	42.87	1592.50	-9.20	111.5	25.9	44.3	18.8	18.8	114.5	99.14	11.34	61.24	3.80	54.54	8.66	97.50	8.62	0.71	7.26	2.42	7.42	0.29	429.79	1.08	96.64	14903.74	30.6	154.22	85.87	1.868	121.43	16.80	122.48	18.57	2.227	1.940	1.256	2.155	3.78	9.06	5.09	9.24	285.517	51.353	122.923	69.038	125.355	28.54	3.95	28.78	4.36	285.517	9.5	0.917	1212.90	755.646
	
CF 12ZS2.25x085
i
304.8	143.5	57.1	2.2	4.8	24.4	50.00	9.87	1227.88	65.35	191.88	1257.02	34.59	1293.23	-9.10	111.8	25.9	44.1	18.7	18.7	114.7	80.46	9.13	49.67	3.07	44.36	6.95	79.20	6.98	0.56	5.90	1.96	6.02	0.15	344.81	0.71	96.67	11976.70	30.5	123.90	69.32	1.890	98.51	13.45	99.34	14.99	2.221	1.934	1.254	2.148	3.06	7.32	4.11	7.48	231.242	41.547	99.369	55.791	101.425	23.15	3.16	23.35	3.52	231.242	7.7	0.916	987.09	927.912
	
CF 12ZS2.25x070
i
304.8	142.9	57.1	1.8	4.8	23.6	50.00	8.13	1011.44	53.28	157.34	1036.42	28.35	1064.72	-9.10	111.8	25.7	44.0	18.7	18.7	114.7	66.53	7.49	40.92	2.51	36.56	5.70	65.11	5.74	0.46	4.85	1.62	4.96	0.09	284.29	0.48	96.50	9801.56	30.3	101.57	56.74	1.901	81.16	10.94	81.84	12.28	2.220	1.920	1.257	2.138	2.52	6.02	3.38	6.15	190.345	34.141	81.677	45.820	83.434	19.07	2.57	19.23	2.89	190.345	6.4	0.915	812.90	1125.272
	
CF 10ZS3.25x105
i
254.0	194.8	82.5	2.7	4.8	25.1	50.00	12.13	1182.10	194.38	350.05	1294.48	83.25	1376.48	-17.60	98.8	40.1	53.7	26.2	26.2	106.6	93.24	19.99	56.44	5.25	44.53	13.86	89.20	13.84	1.37	5.71	4.04	6.19	0.29	533.10	1.08	105.57	21966.23	39.9	208.07	109.88	1.458	109.32	29.18	112.89	26.83	2.455	2.106	1.266	1.938	5.14	7.71	7.07	8.33	285.517	69.735	104.541	95.907	113.015	25.69	6.86	26.53	6.30	285.517	9.5	0.917	1212.90	755.646
	
CF 10ZS3.25x085
i
254.0	194.3	82.5	2.2	4.8	24.4	50.00	9.87	961.49	156.09	282.62	1053.07	67.01	1117.58	-17.50	98.8	39.9	53.5	26.2	26.1	106.5	75.71	16.09	45.79	4.26	36.32	11.18	72.72	11.18	1.10	4.64	3.24	5.04	0.15	428.79	0.71	105.56	17696.51	39.7	167.65	88.83	1.471	88.72	23.46	91.58	21.67	2.442	2.098	1.259	1.939	4.16	6.23	5.71	6.74	231.242	56.428	84.489	77.512	91.500	20.85	5.51	21.52	5.09	231.242	7.7	0.916	987.09	927.912
	
CF 10ZS3.25x070
i
254.0	193.7	82.5	1.8	4.8	23.6	50.00	8.13	795.00	127.78	232.67	869.92	54.94	922.79	-17.40	99.1	39.6	53.5	25.9	26.0	106.7	62.60	13.21	37.72	3.48	30.01	9.19	59.94	9.19	0.90	3.84	2.68	4.17	0.09	353.09	0.48	105.36	14500.94	39.6	137.63	72.85	1.478	73.13	19.16	75.45	17.78	2.437	2.085	1.259	1.934	3.42	5.12	4.69	5.55	190.345	46.396	69.422	63.691	75.311	17.18	4.50	17.73	4.18	190.345	6.4	0.915	812.90	1125.272
	
CF 10ZS3.25x065
i
254.0	193.5	82.5	1.7	4.8	23.4	50.00	7.55	740.89	118.63	215.61	807.49	50.78	859.52	-17.40	99.1	39.6	53.4	25.9	25.9	106.7	58.17	12.24	35.04	3.24	28.21	8.60	55.84	8.51	0.84	3.59	2.47	3.87	0.07	328.40	0.41	105.29	13453.65	39.6	127.77	67.55	1.479	67.92	17.74	70.07	16.48	2.408	2.063	1.255	1.937	3.17	4.75	4.35	5.15	176.720	43.059	64.415	59.052	69.910	15.96	4.17	16.47	3.87	176.720	5.9	0.914	754.84	1211.301
	
CF 10ZS3.25x059
i
254.0	193.3	82.5	1.5	4.8	23.1	50.00	6.84	670.13	107.39	195.63	732.57	46.20	777.52	-17.40	99.3	39.6	53.5	25.9	26.0	106.9	52.93	11.09	31.81	2.92	25.36	7.76	50.36	7.75	0.76	3.23	2.26	3.50	0.05	296.38	0.34	105.26	12164.67	39.5	115.57	61.26	1.486	61.69	16.06	63.63	14.96	2.432	2.068	1.264	1.930	2.88	4.31	3.95	4.68	160.411	39.073	58.432	53.626	63.464	14.50	3.77	14.95	3.51	160.411	5.4	0.914	683.87	1336.595
	
CF 10ZS2.75x105
i
254.0	169.4	69.8	2.7	4.8	25.1	50.00	11.48	1078.04	130.28	268.05	1148.80	59.52	1208.32	-14.80	96.8	33.8	48.3	22.8	22.8	102.5	84.72	15.37	51.55	4.38	42.46	10.99	82.34	10.93	1.08	5.84	3.33	6.18	0.27	434.66	1.02	92.85	15306.54	35.6	164.85	88.08	1.509	100.81	22.51	103.11	21.86	2.374	2.048	1.252	2.000	4.46	7.71	6.13	8.10	269.598	60.544	104.541	83.200	109.939	23.69	5.29	24.23	5.14	269.598	9.0	0.866	1148.38	753.862
	
CF 10ZS2.75x085
i
254.0	168.9	69.8	2.2	4.8	24.4	50.00	9.29	874.09	104.47	216.44	932.36	47.87	978.56	-14.60	97.0	33.5	48.3	22.7	22.7	102.7	68.99	12.37	41.83	3.53	34.36	8.83	66.70	8.82	0.87	4.71	2.68	5.00	0.14	348.06	0.67	92.86	12298.94	35.4	132.44	71.17	1.528	81.81	18.08	83.65	17.66	2.381	2.047	1.254	2.002	3.61	6.23	4.96	6.56	218.355	48.988	84.489	67.281	88.997	19.23	4.25	19.66	4.15	218.355	7.3	0.865	929.03	931.226
	
CF 10ZS2.75x070
i
254.0	168.3	69.8	1.8	4.8	23.6	50.00	7.68	724.24	85.33	177.73	770.03	39.25	809.57	-14.60	97.3	33.5	48.1	22.7	22.6	102.9	56.86	10.16	34.46	2.90	28.60	7.26	55.22	7.26	0.71	3.92	2.21	4.14	0.08	286.59	0.45	92.70	10070.09	35.3	108.64	58.32	1.537	67.43	14.74	68.92	14.47	2.358	2.029	1.248	1.993	2.97	5.12	4.07	5.40	179.732	40.269	69.422	55.213	73.227	15.85	3.46	16.20	3.40	179.732	6.0	0.864	767.74	1125.297
	
CF 10ZS2.75x065
i
254.0	168.1	69.8	1.7	4.8	23.4	50.00	7.10	674.29	79.08	164.83	715.92	36.38	753.38	-14.50	97.3	33.3	48.2	22.6	22.6	102.8	52.93	9.42	32.01	2.69	26.73	6.76	51.43	6.74	0.66	3.66	2.05	3.85	0.06	266.81	0.39	92.64	9345.05	35.2	100.88	54.06	1.538	62.63	13.64	64.01	13.41	2.343	2.018	1.245	1.990	2.75	4.75	3.77	5.01	166.866	37.369	64.415	51.200	67.975	14.72	3.21	15.04	3.15	166.866	5.6	0.864	709.68	1216.802
	
CF 10ZS2.75x059
i
254.0	167.9	69.8	1.5	4.8	23.1	50.00	6.45	611.86	71.59	149.43	649.32	32.97	683.45	-14.50	97.3	33.3	48.2	22.6	22.6	102.8	48.18	8.54	29.07	2.44	24.25	6.13	46.58	6.11	0.60	3.31	1.86	3.49	0.05	241.41	0.32	92.62	8458.88	35.2	91.33	49.02	1.543	56.88	12.35	58.13	12.16	2.346	2.014	1.248	1.989	2.50	4.31	3.42	4.55	151.466	33.908	58.432	46.455	61.694	13.37	2.90	13.66	2.86	151.466	5.1	0.863	644.51	1339.390
	
CF 10ZS2.25x105
i
254.0	144.0	57.1	2.7	4.8	25.1	50.00	10.77	969.82	81.58	196.46	1011.44	40.04	1051.40	-11.90	94.7	27.4	42.7	19.3	19.3	98.6	76.36	11.34	46.83	3.50	39.97	8.33	74.82	8.32	0.81	5.92	2.65	6.15	0.26	338.68	0.96	79.84	10016.39	30.9	125.45	68.00	1.609	92.30	16.71	93.67	17.19	2.309	2.006	1.252	2.067	3.78	7.71	5.18	7.92	253.678	51.353	104.541	70.222	107.521	21.69	3.93	22.01	4.04	253.678	8.5	0.815	1077.42	756.368
	
CF 10ZS2.25x085
i
254.0	143.5	57.1	2.2	4.8	24.4	50.00	8.77	786.68	65.35	158.58	819.98	32.17	852.03	-11.80	95.0	27.4	42.5	19.2	19.1	98.9	62.11	9.13	38.00	2.82	32.39	6.69	60.56	6.71	0.65	4.78	2.13	4.96	0.14	271.99	0.63	79.87	8056.08	30.7	100.86	54.92	1.628	74.91	13.39	76.00	13.88	2.313	2.003	1.255	2.069	3.06	6.23	4.18	6.41	205.468	41.547	84.489	56.772	87.017	17.60	3.15	17.86	3.26	205.468	6.9	0.814	877.42	928.106
	
CF 10ZS2.25x070
i
254.0	142.9	57.1	1.8	4.8	23.6	50.00	7.23	649.32	53.28	130.28	678.46	26.35	702.60	-11.80	95.3	27.2	42.5	19.1	19.1	99.1	51.29	7.49	31.31	2.30	26.69	5.47	49.97	5.52	0.53	3.95	1.76	4.12	0.08	223.22	0.43	79.73	6579.13	30.6	82.52	44.97	1.643	61.74	10.90	62.62	11.38	2.313	1.992	1.253	2.061	2.52	5.12	3.44	5.28	169.119	34.141	69.422	46.622	71.588	14.51	2.56	14.72	2.67	169.119	5.7	0.813	722.58	1125.324
	
CF 10ZS2.25x065
i
254.0	142.7	57.1	1.7	4.8	23.4	50.00	6.71	603.54	49.53	120.71	632.67	24.43	653.07	-11.70	95.3	27.2	42.4	19.1	19.1	99.1	47.69	6.95	29.08	2.14	24.98	5.13	46.60	5.13	0.50	3.67	1.64	3.86	0.06	209.12	0.37	79.68	6122.62	30.5	76.84	41.67	1.640	57.34	10.08	58.16	10.54	2.296	1.966	1.248	2.056	2.33	4.75	3.19	4.90	157.011	31.680	64.415	43.240	66.451	13.48	2.37	13.67	2.48	157.011	5.3	0.813	670.97	1211.290
	
CF 10ZS2.25x059
i
254.0	142.5	57.1	1.5	4.8	23.1	50.00	6.06	549.43	44.95	109.47	574.40	22.10	594.38	-11.70	95.3	27.2	42.5	19.1	19.1	99.1	43.26	6.29	26.41	1.94	22.85	4.68	42.36	4.64	0.45	3.35	1.48	3.50	0.05	188.60	0.30	79.67	5531.84	30.5	69.44	37.78	1.649	52.08	9.12	52.82	9.55	2.279	1.949	1.247	2.057	2.12	4.31	2.89	4.44	142.521	28.744	58.432	39.205	60.304	12.24	2.14	12.41	2.25	142.521	4.8	0.812	606.45	1339.692
	
CF 9ZS2.25x105
i
228.6	144.0	57.1	2.7	4.8	25.1	50.00	10.13	753.38	81.58	175.65	795.00	38.29	834.96	-13.80	86.1	28.4	41.6	19.5	19.4	90.7	65.88	11.34	40.31	3.34	33.69	8.15	64.42	8.12	0.88	5.25	2.77	5.49	0.24	295.84	0.90	71.57	7975.52	30.9	111.44	59.40	1.489	79.02	16.66	80.62	16.41	2.345	2.043	1.252	2.021	3.78	7.03	5.22	7.27	237.759	51.353	95.350	70.760	98.668	18.57	3.92	18.95	3.86	237.759	8.0	0.764	1012.90	754.391
	
CF 9ZS2.25x085
i
228.6	143.5	57.1	2.2	4.8	24.4	50.00	8.19	611.86	65.35	141.93	645.16	30.76	677.21	-13.70	86.4	28.2	41.6	19.4	19.4	90.8	53.59	9.13	32.72	2.69	27.29	6.54	52.20	6.55	0.70	4.25	2.22	4.44	0.13	235.74	0.59	71.60	6391.15	30.7	89.27	47.99	1.513	64.15	13.36	65.43	13.25	2.350	2.043	1.253	2.024	3.06	5.68	4.22	5.89	192.581	41.547	77.048	57.206	79.869	15.08	3.14	15.38	3.11	192.581	6.4	0.764	819.35	931.878
	
CF 9ZS2.25x070
i
228.6	142.9	57.1	1.8	4.8	23.6	50.00	6.77	507.80	53.28	116.54	532.78	25.18	561.08	-13.60	86.6	28.2	41.5	19.3	19.3	91.1	44.25	7.49	26.96	2.21	22.76	5.37	43.24	5.39	0.58	3.55	1.83	3.67	0.07	194.69	0.40	71.47	5236.45	30.6	73.27	39.29	1.523	52.88	10.88	53.92	10.85	2.324	2.024	1.247	2.014	2.52	4.67	3.46	4.84	158.506	34.141	63.295	46.912	65.712	12.43	2.56	12.67	2.55	158.506	5.3	0.762	677.42	1125.355
	
CF 9ZS2.25x065
i
228.6	142.7	57.1	1.7	4.8	23.4	50.00	6.26	470.34	49.53	108.22	495.32	23.35	519.87	-13.60	86.6	28.2	41.6	19.3	19.3	91.1	41.13	6.95	25.04	2.03	21.06	5.01	39.98	5.00	0.54	3.27	1.71	3.42	0.06	181.44	0.35	71.43	4860.50	30.6	68.05	36.42	1.524	49.12	10.06	50.08	10.06	2.333	2.009	1.253	2.012	2.33	4.33	3.21	4.50	147.156	31.680	58.725	43.567	61.002	11.54	2.36	11.77	2.37	147.156	4.9	0.762	626.45	1216.274
	
CF 9ZS2.25x059
i
228.6	142.5	57.1	1.5	4.8	23.1	50.00	5.68	428.72	44.95	98.23	449.53	21.14	473.67	-13.60	86.6	28.2	41.6	19.3	19.3	91.1	37.36	6.29	22.74	1.84	19.28	4.57	36.34	4.54	0.49	2.99	1.55	3.10	0.04	164.55	0.28	71.41	4403.99	30.6	61.67	33.01	1.528	44.62	9.10	45.48	9.12	2.314	1.992	1.251	2.011	2.12	3.93	2.91	4.08	133.576	28.744	53.267	39.498	55.362	10.49	2.14	10.69	2.14	133.576	4.5	0.762	568.39	1340.035
	
CF 8ZS3.25x105
i
203.2	194.8	82.5	2.7	4.8	25.1	50.00	10.77	703.43	194.38	277.21	824.14	72.84	897.81	-23.70	80.8	42.4	50.7	25.9	26.0	91.2	69.32	19.99	42.49	4.50	31.31	13.11	65.94	13.00	1.60	4.34	4.27	4.98	0.26	388.85	0.96	84.03	13399.94	38.7	159.46	81.77	1.366	80.18	29.09	84.97	23.96	2.561	2.219	1.289	1.843	5.14	6.35	7.05	7.14	253.678	69.735	86.159	95.698	96.842	18.84	6.84	19.97	5.63	253.678	8.5	0.815	1077.42	756.368
	
CF 8ZS3.25x085
i
203.2	194.3	82.5	2.2	4.8	24.4	50.00	8.77	574.40	156.09	223.93	670.13	58.69	730.49	-23.50	81.0	42.2	50.5	25.9	25.9	91.3	56.37	16.09	34.48	3.66	25.72	10.61	53.88	10.50	1.28	3.55	3.43	4.04	0.14	310.94	0.63	84.02	10768.29	38.4	128.17	66.13	1.382	65.12	23.40	68.96	19.35	2.531	2.205	1.280	1.844	4.16	5.13	5.70	5.78	205.468	56.428	69.608	77.326	78.454	15.30	5.50	16.21	4.55	205.468	6.9	0.814	877.42	928.106
	
CF 8ZS3.25x070
i
203.2	193.7	82.5	1.8	4.8	23.6	50.00	7.23	474.50	127.78	184.39	553.59	47.87	602.29	-23.40	81.0	42.2	50.5	25.9	25.7	91.3	46.70	13.21	28.41	2.99	21.18	8.72	44.35	8.59	1.05	2.93	2.80	3.35	0.08	256.59	0.43	83.84	8834.83	38.3	105.38	54.23	1.386	53.70	19.12	56.82	15.89	2.535	2.193	1.281	1.849	3.42	4.21	4.68	4.76	169.119	46.396	57.167	63.557	64.610	12.62	4.49	13.35	3.73	169.119	5.7	0.813	722.58	1125.324
	
CF 8ZS3.25x065
i
203.2	193.5	82.5	1.7	4.8	23.4	50.00	6.71	441.21	118.63	171.07	516.13	44.54	559.83	-23.40	81.3	42.2	50.5	25.9	25.8	91.6	43.43	12.24	26.38	2.77	19.77	8.13	41.32	8.01	0.98	2.73	2.62	3.13	0.06	238.24	0.37	83.78	8190.34	38.2	97.76	50.29	1.388	49.89	17.70	52.77	14.73	2.523	2.176	1.277	1.841	3.17	3.91	4.35	4.42	157.011	43.059	53.035	58.974	59.995	11.72	4.16	12.40	3.46	157.011	5.3	0.813	670.97	1211.290
	
CF 8ZS3.25x059
i
203.2	193.3	82.5	1.5	4.8	23.1	50.00	6.06	400.41	107.39	155.25	466.18	40.37	507.80	-23.30	81.3	42.2	50.6	25.9	25.8	91.6	39.49	11.09	23.96	2.51	17.89	7.36	37.24	7.26	0.89	2.47	2.38	2.81	0.05	215.31	0.30	83.75	7411.59	38.3	88.50	45.61	1.394	45.32	16.03	47.92	13.37	2.534	2.178	1.287	1.840	2.88	3.55	3.94	4.01	142.521	39.073	48.103	53.519	54.468	10.65	3.77	11.26	3.14	142.521	4.8	0.812	606.45	1339.692
	
CF 8ZS2.75x105
i
203.2	169.4	69.8	2.7	4.8	25.1	50.00	10.13	636.83	130.28	211.86	711.76	53.28	767.11	-20.00	79.2	35.8	45.7	22.9	22.9	87.0	62.60	15.37	38.26	3.84	29.70	10.44	60.33	10.36	1.27	4.47	3.63	4.90	0.24	320.12	0.90	73.82	9371.90	35.0	126.96	65.73	1.358	73.39	22.42	76.52	19.67	2.471	2.148	1.268	1.899	4.46	6.35	6.18	6.85	237.759	60.544	86.159	83.824	92.981	17.25	5.27	17.98	4.62	237.759	8.0	0.764	1012.90	754.391
	
CF 8ZS2.75x085
i
203.2	168.9	69.8	2.2	4.8	24.4	50.00	8.19	516.13	104.47	171.07	578.56	42.87	620.60	-19.80	79.5	35.8	45.7	22.8	22.9	87.2	50.96	12.37	31.05	3.09	23.99	8.39	48.90	8.36	1.02	3.60	2.92	3.98	0.13	255.34	0.59	73.83	7519.00	34.8	101.84	53.14	1.378	59.61	18.02	62.11	15.90	2.485	2.148	1.270	1.901	3.61	5.13	5.00	5.55	192.579	48.988	69.608	67.800	75.317	14.01	4.23	14.59	3.74	192.579	6.4	0.764	819.35	931.877
	
CF 8ZS2.75x070
i
203.2	168.3	69.8	1.8	4.8	23.6	50.00	6.77	428.72	85.33	140.69	478.67	35.01	514.05	-19.70	79.8	35.6	45.6	22.8	22.7	87.3	42.11	10.16	25.59	2.55	20.01	6.90	40.58	6.86	0.84	3.00	2.38	3.30	0.07	211.52	0.40	73.68	6176.32	34.7	83.82	43.57	1.382	49.15	14.70	51.18	13.03	2.457	2.130	1.261	1.900	2.97	4.21	4.10	4.57	158.506	40.269	57.167	55.635	61.997	11.55	3.45	12.03	3.06	158.506	5.3	0.762	677.42	1125.355
	
CF 8ZS2.75x065
i
203.2	168.1	69.8	1.7	4.8	23.4	50.00	6.26	397.92	79.08	130.70	445.37	32.47	477.00	-19.70	79.8	35.6	45.7	22.8	22.8	87.3	39.17	9.42	23.77	2.35	18.50	6.39	37.63	6.37	0.78	2.78	2.22	3.08	0.06	196.08	0.35	73.63	5719.81	34.6	77.68	40.39	1.386	45.66	13.61	47.53	12.09	2.468	2.128	1.263	1.898	2.75	3.91	3.81	4.24	147.156	37.369	53.035	51.643	57.565	10.73	3.20	11.17	2.84	147.156	4.9	0.762	626.45	1216.274
	
CF 8ZS2.75x059
i
203.2	167.9	69.8	1.5	4.8	23.1	50.00	5.68	361.71	71.59	118.63	404.16	29.39	433.30	-19.60	79.8	35.6	45.7	22.7	22.7	87.3	35.56	8.54	21.59	2.13	16.80	5.79	34.12	5.77	0.70	2.53	2.01	2.79	0.04	177.74	0.28	73.61	5182.74	34.6	70.41	36.63	1.389	41.48	12.32	43.17	10.96	2.469	2.127	1.265	1.899	2.50	3.55	3.45	3.85	133.576	33.908	48.103	46.851	52.255	9.75	2.89	10.14	2.58	133.576	4.5	0.762	568.39	1340.035
	
CF 8ZS2.25x105
i
203.2	144.0	57.1	2.7	4.8	25.1	50.00	9.42	566.07	81.58	155.25	611.86	36.30	647.66	-16.30	77.5	29.5	40.6	19.6	19.6	82.9	55.88	11.34	34.24	3.12	27.46	7.90	54.24	7.89	0.96	4.53	2.92	4.85	0.22	251.28	0.84	63.40	6149.47	30.8	97.00	50.99	1.388	66.60	16.62	68.49	15.58	2.425	2.105	1.263	1.974	3.78	6.35	5.26	6.63	221.840	51.353	86.159	71.379	89.906	15.65	3.91	16.09	3.66	221.840	7.4	0.713	941.93	757.297
	
CF 8ZS2.25x085
i
203.2	143.5	57.1	2.2	4.8	24.4	50.00	7.68	462.02	65.35	125.29	499.48	29.14	527.37	-16.10	77.7	29.2	40.4	19.5	19.5	83.0	45.39	9.13	27.80	2.53	22.53	6.37	44.46	6.36	0.77	3.70	2.33	3.96	0.12	201.20	0.55	63.43	4941.06	30.6	77.90	41.20	1.408	54.09	13.33	55.61	12.57	2.401	2.094	1.251	1.976	3.06	5.13	4.25	5.37	179.694	41.547	69.608	57.626	72.796	12.71	3.13	13.07	2.95	179.694	6.0	0.713	767.74	928.357
	
CF 8ZS2.25x070
i
203.2	142.9	57.1	1.8	4.8	23.6	50.00	6.30	382.10	53.28	102.81	411.65	23.85	435.38	-16.00	78.0	29.2	40.4	19.5	19.5	83.3	37.69	7.49	22.91	2.07	18.68	5.23	36.64	5.23	0.63	3.06	1.92	3.26	0.07	166.66	0.37	63.31	4054.89	30.5	64.05	33.75	1.415	44.60	10.86	45.83	10.29	2.388	2.076	1.251	1.968	2.52	4.21	3.49	4.42	147.893	34.141	57.167	47.290	59.906	10.48	2.55	10.77	2.42	147.893	4.9	0.712	629.68	1130.003
	
CF 8ZS2.25x065
i
203.2	142.7	57.1	1.7	4.8	23.4	50.00	5.85	355.46	49.53	95.73	382.93	22.14	404.99	-16.00	78.0	29.2	40.5	19.5	19.5	83.3	34.90	6.95	21.28	1.91	17.33	4.87	33.95	4.87	0.59	2.85	1.80	3.04	0.05	154.95	0.32	63.27	3759.50	30.5	59.42	31.28	1.418	41.44	10.05	42.56	9.55	2.391	2.065	1.254	1.962	2.33	3.91	3.24	4.10	137.303	31.680	53.035	43.898	55.615	9.74	2.36	10.00	2.24	137.303	4.6	0.711	584.51	1216.625
	
CF 8ZS2.25x059
i
203.2	142.5	57.1	1.5	4.8	23.1	50.00	5.30	323.00	44.95	86.58	347.97	20.02	367.95	-16.00	78.0	29.0	40.4	19.4	19.4	83.2	31.79	6.29	19.33	1.73	15.89	4.46	30.90	4.41	0.54	2.59	1.62	2.76	0.04	140.84	0.26	63.26	3410.41	30.4	53.91	28.36	1.421	37.64	9.09	38.66	8.65	2.368	2.038	1.251	1.964	2.12	3.55	2.93	3.72	124.631	28.744	48.103	39.800	50.477	8.85	2.14	9.08	2.03	124.631	4.2	0.711	530.32	1340.426
	
CF 7ZS2.25x105
i
177.8	144.0	57.1	2.7	4.8	25.1	50.00	8.77	412.90	81.58	134.44	462.02	33.92	494.48	-19.50	68.6	30.5	39.1	19.7	19.7	75.0	46.38	11.34	28.66	2.88	22.32	7.67	45.42	7.61	1.06	3.86	3.05	4.26	0.21	209.45	0.78	55.36	4591.96	30.4	82.95	42.79	1.302	55.04	16.57	57.31	14.62	2.466	2.161	1.262	1.920	3.78	5.67	5.28	5.98	205.920	51.353	76.968	71.678	81.202	12.93	3.89	13.47	3.44	205.920	6.9	0.663	877.42	755.083
	
CF 7ZS2.25x085
i
177.8	143.5	57.1	2.2	4.8	24.4	50.00	7.10	336.73	65.35	108.64	375.02	27.26	402.08	-19.40	68.8	30.5	39.1	19.6	19.6	75.3	37.85	9.13	23.27	2.34	18.22	6.17	36.93	6.14	0.85	3.14	2.45	3.44	0.11	169.07	0.51	55.39	3705.79	30.4	66.91	34.59	1.316	44.73	13.30	46.55	11.80	2.455	2.156	1.261	1.921	3.06	4.58	4.27	4.85	166.807	41.547	62.167	57.904	65.784	10.51	3.13	10.94	2.77	166.807	5.6	0.662	709.68	932.731
	
CF 7ZS2.25x070
i
177.8	142.9	57.1	1.8	4.8	23.6	50.00	5.85	278.88	53.28	89.49	310.09	22.31	332.15	-19.20	69.1	30.2	39.1	19.5	19.5	75.4	31.30	7.49	19.18	1.91	15.01	5.04	30.47	5.05	0.69	2.61	2.02	2.85	0.06	139.39	0.35	55.28	3034.46	30.2	54.89	28.34	1.325	36.90	10.84	38.37	9.67	2.458	2.150	1.259	1.914	2.52	3.76	3.50	3.99	137.280	34.141	51.040	47.541	54.157	8.67	2.55	9.02	2.27	137.280	4.6	0.661	584.51	1130.400
	
CF 7ZS2.25x065
i
177.8	142.7	57.1	1.7	4.8	23.4	50.00	5.43	259.31	49.53	82.83	288.03	20.69	308.84	-19.20	69.1	30.2	39.1	19.5	19.5	75.4	29.17	6.95	17.82	1.77	14.11	4.74	28.32	4.69	0.65	2.42	1.88	2.65	0.05	130.16	0.30	55.25	2819.63	30.2	51.04	26.27	1.325	34.28	10.03	35.64	8.96	2.430	2.115	1.259	1.910	2.33	3.49	3.25	3.71	127.448	31.680	47.346	44.088	50.282	8.06	2.36	8.37	2.11	127.448	4.3	0.660	542.58	1217.030
	
CF 7ZS2.25x059
i
177.8	142.5	57.1	1.5	4.8	23.1	50.00	4.92	236.00	44.95	75.34	261.81	18.73	280.96	-19.10	69.1	30.2	39.1	19.5	19.5	75.4	26.55	6.29	16.18	1.60	12.82	4.31	25.69	4.26	0.59	2.21	1.70	2.41	0.04	116.68	0.25	55.24	2540.35	30.1	45.99	23.82	1.337	31.15	9.07	32.37	8.13	2.430	2.107	1.260	1.910	2.12	3.16	2.95	3.36	115.686	28.744	42.938	40.003	45.645	7.32	2.13	7.61	1.91	115.686	3.9	0.660	492.26	1340.879
	
CF 6ZS1.25x105
i
152.4	144.0	57.1	2.7	4.8	25.1	50.00	8.06	286.78	81.58	113.63	337.56	31.01	368.36	-24.00	59.7	31.8	37.5	19.6	19.6	67.6	37.69	11.34	23.56	2.60	17.60	7.40	36.89	7.27	1.18	3.17	3.19	3.64	0.19	171.63	0.72	47.48	3302.99	29.9	69.56	34.99	1.234	44.34	16.53	47.13	13.52	2.519	2.234	1.278	1.860	3.78	5.00	5.28	5.35	190.001	51.353	67.777	71.626	72.611	10.42	3.88	11.08	3.18	190.001	6.3	0.612	806.45	758.539
	
CF 6ZS2.25x085
i
152.4	143.5	57.1	2.2	4.8	24.4	50.00	6.58	234.34	65.35	91.99	274.71	24.93	299.69	-23.70	59.9	31.8	37.4	19.5	19.5	67.8	30.81	9.13	19.15	2.10	14.36	5.95	30.06	5.87	0.94	2.59	2.56	2.96	0.10	136.32	0.47	47.51	2645.08	29.7	55.67	28.30	1.257	36.06	13.28	38.29	10.92	2.511	2.232	1.274	1.861	3.06	4.03	4.27	4.34	153.920	41.547	54.727	57.873	58.874	8.48	3.12	9.00	2.57	153.920	5.2	0.611	658.06	928.690
	
CF 6ZS2.25x070
i
152.4	142.9	57.1	1.8	4.8	23.6	50.00	5.39	193.96	53.28	75.75	227.26	20.40	247.24	-23.60	59.9	31.5	37.5	19.5	19.4	67.7	25.40	7.49	15.78	1.72	11.82	4.86	24.80	4.83	0.77	2.14	2.11	2.45	0.06	112.48	0.32	47.41	2167.08	29.6	45.71	23.19	1.265	29.77	10.82	31.57	8.95	2.519	2.227	1.273	1.855	2.52	3.31	3.50	3.57	126.669	34.141	44.912	47.521	48.498	7.00	2.54	7.42	2.10	126.669	4.2	0.610	539.35	1130.865
	
CF 6ZS2.25x065
i
152.4	142.7	57.1	1.7	4.8	23.4	50.00	5.01	180.64	49.53	70.34	211.45	18.94	230.18	-23.50	60.2	31.5	37.5	19.4	19.4	67.9	23.76	6.95	14.66	1.59	11.06	4.55	23.06	4.49	0.72	2.00	1.97	2.29	0.05	104.50	0.27	47.38	2008.65	29.5	42.39	21.49	1.268	27.66	10.01	29.32	8.30	2.500	2.200	1.272	1.849	2.33	3.07	3.25	3.32	117.592	31.680	41.656	44.084	45.038	6.50	2.35	6.89	1.95	117.592	3.9	0.610	500.64	1217.502
	
CF 6ZS2.25x059
i
152.4	142.5	57.1	1.5	4.8	23.1	50.00	4.54	164.41	44.95	63.68	192.30	17.15	209.36	-23.40	60.2	31.5	37.4	19.4	19.4	67.9	21.63	6.29	13.32	1.44	10.17	4.17	20.99	4.07	0.66	1.82	1.78	2.08	0.03	94.52	0.23	47.37	1817.99	29.5	38.38	19.49	1.274	25.14	9.06	26.64	7.53	2.473	2.171	1.269	1.848	2.12	2.78	2.95	3.01	106.740	28.744	37.774	39.976	40.894	5.91	2.13	6.26	1.77	106.740	3.6	0.609	454.19	1341.407
	
CF 4ZS2.25x070
i
101.6	142.9	57.1	1.8	4.8	23.6	50.00	4.49	75.75	53.28	48.70	114.46	14.78	129.03	-38.50	41.1	34.5	32.9	18.1	18.1	53.7	14.91	7.49	10.07	1.17	6.52	4.36	15.42	4.16	0.99	1.25	2.12	1.78	0.05	63.84	0.27	32.35	907.65	26.5	28.06	13.68	1.294	17.22	10.78	20.14	7.00	2.643	2.474	1.306	1.682	2.52	2.41	3.30	2.76	105.442	34.141	32.658	44.840	37.453	4.05	2.53	4.73	1.65	105.442	3.5	0.508	449.03	1132.072
	
CF 4ZS2.25x065
i
101.6	142.7	57.1	1.7	4.8	23.4	50.00	4.17	70.76	49.53	45.37	106.56	13.69	120.29	-38.40	41.1	34.5	33.0	18.1	18.1	53.7	13.90	6.95	9.35	1.09	6.09	4.07	14.34	3.86	0.93	1.17	1.97	1.66	0.04	59.57	0.23	32.32	843.20	26.5	26.09	12.69	1.293	16.02	9.98	18.71	6.49	2.630	2.453	1.305	1.681	2.33	2.23	3.07	2.57	97.882	31.680	30.277	41.607	34.815	3.76	2.34	4.40	1.53	97.882	3.3	0.508	416.77	1218.732
	
CF 4ZS2.25x059
i
101.6	142.5	57.1	1.5	4.8	23.1	50.00	3.78	64.52	44.95	41.04	96.57	12.40	109.47	-38.30	41.1	34.5	32.9	18.1	18.1	53.7	12.67	6.29	8.50	0.99	5.64	3.75	12.99	3.50	0.84	1.06	1.78	1.50	0.03	53.78	0.19	32.31	762.64	26.5	23.60	11.51	1.299	14.57	9.03	17.00	5.89	2.584	2.406	1.309	1.681	2.12	2.02	2.78	2.33	88.850	28.744	27.445	37.753	31.646	3.42	2.12	3.99	1.38	88.850	3.0	0.508	378.06	1342.781
	
CF 3.5ZS1.5x070
i
88.9	96.6	38.1	1.8	4.8	17.3	50.00	3.36	41.00	16.48	19.65	52.03	5.58	57.48	-29.00	35.1	22.1	24.2	12.9	12.9	41.5	9.23	3.41	5.94	0.68	4.25	2.12	9.24	2.06	0.58	1.18	1.45	1.45	0.04	29.30	0.20	18.64	222.88	19.7	11.96	5.84	1.200	10.86	4.96	11.87	3.72	2.553	2.341	1.284	1.809	1.69	2.01	2.31	2.16	78.911	22.981	27.247	31.352	29.352	2.55	1.17	2.79	0.87	78.911	2.6	0.381	336.13	1134.496
	
CF 3.5ZS1.5x065
i
88.9	96.4	38.1	1.7	4.8	17.0	50.00	3.12	38.25	15.28	18.23	48.28	5.20	53.53	-28.90	35.1	22.1	24.2	12.9	12.9	41.4	8.60	3.16	5.51	0.63	3.99	1.98	8.57	1.92	0.54	1.10	1.37	1.34	0.03	27.25	0.17	18.62	206.50	19.6	11.09	5.41	1.203	10.10	4.58	11.03	3.45	2.531	2.314	1.286	1.792	1.57	1.86	2.14	2.01	73.245	21.317	25.252	29.068	27.274	2.37	1.08	2.59	0.81	73.245	2.4	0.381	311.61	1222.465
	
CF 3.5ZS1.5x059
i
88.9	96.3	38.1	1.5	4.8	16.8	50.00	2.83	34.88	13.78	16.57	44.12	4.70	48.66	-28.80	35.1	22.0	24.2	12.9	12.9	41.4	7.85	2.87	5.01	0.57	3.62	1.78	7.83	1.74	0.49	1.00	1.24	1.23	0.02	24.59	0.14	18.62	186.63	19.6	10.02	4.90	1.212	9.19	4.14	10.02	3.12	2.539	2.322	1.280	1.793	1.43	1.69	1.94	1.83	66.487	19.337	22.884	26.357	24.783	2.16	0.97	2.36	0.73	66.487	2.2	0.381	283.23	1344.008
TO THE TOP
Cross-Section Properties
Standardized: Steel
Standardized: Timber
Parametric: Thin Walled
Parametric: Bars
Parametric: Massive I
Parametric: Massive II
SHAPE-THIN
The stand-alone program SHAPE-THIN determines section properties of open and closed thin-walled cross-section and performs the stress analysis and plastic design.
More info
footer-img-1
SHAPE-MASSIVE
The stand - alone program SHAPE-MASSIVE determines section properties of any thick - walled cross - section and calculates the stresses. In addition, you can perform reinforced concrete design according to Eurocode 2 and other standards.
More info
footer-img-2
TO THE TOP
SOCIAL NETWORKS

 Dlubal Forum   Youtube   Facebook   Twitter   LinkedIn XING   Pinterest   TikTok   Instagram
FREQUENTLY VISITED PAGES

Industries
Application Areas
RFEM - 3D-FEA Program
RSTAB - Frame Analysis
RFEM and RSTAB Add-on Modules
Cross-Section Properties
Stand-Alone Programs
Snow, Wind and Seismic Zoning Maps
Free Support / Service
Frequently Asked Questions (FAQ)
Knowledge Base
Service Contract
First Steps with RFEM
First Steps with RSTAB
Videos
Webinars
Download 90-Day Trial Version
Leaflets and Brochures
Information Flyers
Manuals
Introductory Examples and Tutorials
Verification Examples
Customer Projects
CONTACTS
Dlubal Software, Inc.
The Graham Building
30 South 15th Street
15th Floor
Philadelphia, PA 19102
USA

Phone: +1 267 702 - 2815
E - mail: info-us@dlubal.com
Dlubal Software GmbH
Am Zellweg 2
93464 Tiefenbach
Germany


Tel.: +49 9673 9203-0
Fax: +49 9673 9203-51
E-mail: info@dlubal.com
© 2001 - 2025 by Dlubal Software GmbH | All Rights Reserved
Legal Notice
Data Protection
Commercial Terms
About Company
Sitemap